timestamp(ms),GPS[0].Lat,GPS[0].Lng,ATT.Roll
644747.079,NaN,NaN,-0.49
644847.079,369374092,355633878,-0.61
644947.079,369374112,355633883,-0.69
645047.079,369374112,355633883,-0.72
645147.079,369374116,355633887,-0.85
645247.079,369374116,355633887,-0.87
645347.079,369374118,355633888,-0.57
645447.079,369374118,355633888,-0.39
645547.079,369374118,355633889,-0.46
645647.079,369374118,355633889,-0.67
645747.079,369374118,355633889,-0.68
645847.079,369374118,355633890,-0.72
645947.079,369374121,355633892,-0.8
646047.079,369374121,355633892,-0.84
646147.079,369374122,355633893,-0.81
646247.079,369374122,355633893,-0.83
646347.079,369374121,355633891,-0.9
646447.079,369374121,355633891,-0.95
646547.079,369374121,355633891,-0.97
646647.079,369374121,355633892,-0.95
646747.079,369374121,355633892,-0.8
646847.079,369374121,355633892,-0.7
646947.079,369374140,355633891,-0.77
647047.079,369374140,355633891,-0.85
647147.079,369374139,355633890,-0.92
647247.079,369374139,355633890,-0.95
647347.079,369374139,355633889,-0.89
647447.079,369374139,355633889,-0.83
647547.079,369374138,355633888,-0.73
647647.079,369374138,355633888,-0.67
647747.079,369374138,355633888,-0.75
647847.079,369374138,355633888,-0.81
647947.079,369374139,355633890,-0.8
648047.079,369374139,355633890,-0.75
648147.079,369374139,355633891,-0.74
648247.079,369374139,355633891,-0.79
648347.079,369374139,355633890,-0.91
648447.079,369374139,355633890,-0.96
648547.079,369374140,355633890,-0.95
648647.079,369374140,355633890,-0.85
648747.079,369374140,355633890,-0.83
648847.079,369374139,355633891,-0.87
648947.079,369374135,355633896,-0.77
649047.079,369374135,355633896,-0.83
649147.079,369374135,355633896,-1.06
649247.079,369374135,355633896,-1.17
649347.079,369374134,355633896,-0.73
649447.079,369374134,355633896,-0.6
649547.079,369374135,355633896,-0.63
649647.079,369374135,355633896,-0.73
649747.079,369374135,355633896,-1.02
649847.079,369374135,355633895,-1.15
649947.079,369374138,355633888,-1.05
650047.079,369374138,355633888,-1.03
650147.079,369374137,355633886,-1.17
650247.079,369374137,355633886,-1.28
650347.079,369374135,355633887,-1.15
650447.079,369374135,355633887,-1.04
650547.079,369374135,355633887,-1.2
650647.079,369374136,355633887,-1.47
650747.079,369374136,355633887,-1.42
650847.079,369374135,355633886,-1.46
650947.079,369374141,355633887,-1.88
651047.079,369374141,355633887,-1.74
651147.079,369374139,355633882,-0.88
651247.079,369374139,355633882,0.51
651347.079,369374144,355633879,1.25
651447.079,369374144,355633879,1.48
651547.079,369374139,355633873,1.88
651647.079,369374139,355633873,2.95
651747.079,369374139,355633873,3.65
651847.079,369374136,355633864,3.84
651947.079,369374151,355633842,3.7
652047.079,369374151,355633842,3.35
652147.079,369374159,355633829,3.04
652247.079,369374159,355633829,2.97
652347.079,369374165,355633809,3.17
652447.079,369374165,355633809,3.34
652547.079,369374162,355633801,3.44
652647.079,369374162,355633801,3.37
652747.079,369374162,355633801,2.87
652847.079,369374162,355633790,2.43
652947.079,369374176,355633800,1.92
653047.079,369374176,355633800,1.47
653147.079,369374180,355633800,0.88
653247.079,369374180,355633800,0.25
653347.079,369374177,355633799,-0.030000000000000006
653447.079,369374177,355633799,-0.35
653547.079,369374179,355633801,-0.93
653647.079,369374179,355633801,-1.84
653747.079,369374179,355633801,-2
653847.079,369374182,355633807,-1.53
653947.079,369374176,355633813,-0.61
654047.079,369374176,355633813,-0.32
654147.079,369374175,355633811,-0.17
654247.079,369374175,355633811,0.27
654347.079,369374174,355633811,1
654447.079,369374174,355633811,1.35
654547.079,369374174,355633812,1.63
654647.079,369374174,355633812,1.66
654747.079,369374174,355633812,1.6
654847.079,369374174,355633814,1.39
654947.079,369374178,355633815,0.63
655047.079,369374178,355633815,0.51
655147.079,369374181,355633814,0.51
655247.079,369374181,355633814,0.2
655347.079,369374182,355633814,-0.12
655447.079,369374182,355633814,-0.26
655547.079,369374182,355633813,-0.36
655647.079,369374182,355633813,-0.4
655747.079,369374182,355633813,-0.34
655847.079,369374177,355633818,-0.32
655947.079,369374180,355633811,-0.35
656047.079,369374180,355633811,-0.39
656147.079,369374183,355633810,-0.48
656247.079,369374183,355633810,-0.6
656347.079,369374186,355633812,-0.5
656447.079,369374186,355633812,-0.41
656547.079,369374188,355633811,-0.37
656647.079,369374188,355633811,-0.38
656747.079,369374188,355633812,-0.48
656847.079,369374188,355633812,-0.49
656947.079,369374184,355633809,-0.35
657047.079,369374184,355633809,-0.31
657147.079,369374182,355633807,-0.42
657247.079,369374182,355633807,-0.61
657347.079,369374181,355633811,-0.54
657447.079,369374181,355633811,-0.54
657547.079,369374183,355633808,-0.67
657647.079,369374183,355633808,-0.62
657747.079,369374183,355633808,-0.28
657847.079,369374180,355633801,-0.21
657947.079,369374182,355633806,-0.49
658047.079,369374182,355633806,-0.74
658147.079,369374184,355633808,-0.74
658247.079,369374184,355633808,-0.45
658347.079,369374184,355633806,-0.45
658447.079,369374184,355633806,-0.57
658547.079,369374184,355633805,-0.58
658647.079,369374184,355633805,-0.53
658747.079,369374184,355633805,-0.6
658847.079,369374185,355633808,-0.62
658947.079,369374184,355633805,-0.56
659047.079,369374184,355633805,-0.54
659147.079,369374186,355633806,-0.6
659247.079,369374186,355633806,-0.64
659347.079,369374187,355633808,-0.54
659447.079,369374187,355633808,-0.38
659547.079,369374187,355633806,-0.36
659647.079,369374187,355633806,-0.44
659747.079,369374187,355633806,-0.57
659847.079,369374188,355633805,-0.5
659947.079,369374188,355633808,-0.29
660047.079,369374188,355633808,-0.25
660147.079,369374188,355633807,-0.35
660247.079,369374188,355633807,-0.44
660347.079,369374188,355633808,-0.37
660447.079,369374188,355633808,-0.39
660547.079,369374190,355633807,-0.41
660647.079,369374190,355633807,-0.39
660747.079,369374188,355633805,-0.45
660847.079,369374188,355633805,-0.52
660947.079,369374187,355633804,-0.51
661047.079,369374187,355633804,-0.5
661147.079,369374187,355633803,-0.59
661247.079,369374187,355633803,-0.76
661347.079,369374186,355633809,-0.57
661447.079,369374186,355633809,-0.44
661547.079,369374188,355633808,-0.39
661647.079,369374188,355633808,-0.44
661747.079,369374188,355633808,-0.6
661847.079,369374189,355633808,-0.61
661947.079,369374191,355633808,-0.51
662047.079,369374191,355633808,-0.47
662147.079,369374191,355633807,-0.49
662247.079,369374191,355633807,-0.64
662347.079,369374189,355633807,-0.63
662447.079,369374189,355633807,-0.47
662547.079,369374191,355633808,-0.42
662647.079,369374191,355633808,-0.62
662747.079,369374192,355633808,-0.8
662847.079,369374192,355633808,-0.7
662947.079,369374195,355633811,-0.58
663047.079,369374195,355633811,-0.65
663147.079,369374198,355633809,-0.67
663247.079,369374198,355633809,-0.6
663347.079,369374194,355633808,-0.63
663447.079,369374194,355633808,-0.84
663547.079,369374195,355633808,-0.98
663647.079,369374195,355633808,-0.86
663747.079,369374196,355633810,-0.58
663847.079,369374196,355633810,-0.56
663947.079,369374196,355633812,-0.67
664047.079,369374196,355633812,-0.57
664147.079,369374197,355633812,-0.46
664247.079,369374197,355633812,-0.48
664347.079,369374194,355633812,-0.3
664447.079,369374194,355633812,-0.2
664547.079,369374193,355633814,-0.18
664647.079,369374193,355633814,-0.12
664747.079,369374193,355633814,-0.22
664847.079,369374193,355633814,-0.44
664947.079,369374196,355633814,-0.76
665047.079,369374196,355633814,-0.73
665147.079,369374196,355633814,-0.58
665247.079,369374196,355633814,-0.23
665347.079,369374196,355633815,-0.13
665447.079,369374196,355633815,-0.23
665547.079,369374195,355633814,-0.42
665647.079,369374195,355633814,-0.78
665747.079,369374195,355633814,-0.73
665847.079,369374195,355633814,-0.45
665947.079,369374197,355633817,-0.32
666047.079,369374197,355633817,-0.47
666147.079,369374196,355633816,-0.62
666247.079,369374196,355633816,-0.6
666347.079,369374196,355633815,-0.57
666447.079,369374196,355633815,-0.69
666547.079,369374196,355633815,-0.68
666647.079,369374196,355633815,-0.36
666747.079,369374196,355633815,-0.29
666847.079,369374198,355633816,-0.41
666947.079,369374198,355633817,-0.55
667047.079,369374198,355633817,-0.56
667147.079,369374198,355633818,-0.48
667247.079,369374198,355633818,-0.21
667347.079,369374198,355633817,-0.16
667447.079,369374198,355633817,-0.27
667547.079,369374198,355633817,-0.32
667647.079,369374198,355633817,-0.22
667747.079,369374198,355633817,-0.36
667847.079,369374198,355633818,-0.56
667947.079,369374201,355633821,-0.52
668047.079,369374201,355633821,-0.31
668147.079,369374200,355633822,-0.15
668247.079,369374200,355633822,-0.3
668347.079,369374200,355633821,-0.4
668447.079,369374200,355633821,-0.29
668547.079,369374200,355633821,-0.03
668647.079,369374200,355633821,-0.23000000000000004
668747.079,369374200,355633821,-0.78
668847.079,369374199,355633821,-0.7
668947.079,369374204,355633823,-0.36
669047.079,369374204,355633823,-0.33
669147.079,369374205,355633823,-0.48
669247.079,369374205,355633823,-0.39
669347.079,369374205,355633823,-0.14
669447.079,369374205,355633823,-0.05
669547.079,369374203,355633822,-0.029999999999999992
669647.079,369374203,355633822,-0.17
669747.079,369374203,355633822,-0.36
669847.079,369374203,355633823,-0.35
669947.079,369374203,355633825,-0.28
670047.079,369374203,355633825,-0.24
670147.079,369374203,355633826,-0.020000000000000018
670247.079,369374203,355633826,0.02
670347.079,369374202,355633825,-0.14
670447.079,369374202,355633825,-0.12
670547.079,369374202,355633825,-0.020000000000000004
670647.079,369374202,355633825,-0.04
670747.079,369374201,355633825,-0.26
670847.079,369374201,355633825,-0.29
670947.079,369374201,355633825,-0.16
671047.079,369374201,355633825,-0.19
671147.079,369374201,355633824,-0.31
671247.079,369374201,355633824,-0.3
671347.079,369374202,355633824,-0.26
671447.079,369374202,355633824,-0.27
671547.079,369374199,355633824,-0.19
671647.079,369374199,355633824,-0.010000000000000002
671747.079,369374201,355633824,-0.15
671847.079,369374201,355633824,-0.29
671947.079,369374203,355633825,-0.34
672047.079,369374203,355633825,-0.28
672147.079,369374203,355633824,-0.26
672247.079,369374203,355633824,-0.36
672347.079,369374203,355633825,-0.42
672447.079,369374203,355633825,-0.27
672547.079,369374198,355633824,0.010000000000000009
672647.079,369374198,355633824,0.03
672747.079,369374200,355633825,-0.24
672847.079,369374200,355633825,-0.4
672947.079,369374206,355633824,-0.35
673047.079,369374206,355633824,-0.22
673147.079,369374206,355633824,-0.16
673247.079,369374206,355633824,-0.27
673347.079,369374204,355633822,-0.4
673447.079,369374204,355633822,-0.28
673547.079,369374204,355633823,-0.07
673647.079,369374204,355633823,-0.019999999999999997
673747.079,369374207,355633823,-0.3
673847.079,369374207,355633823,-0.4
673947.079,369374209,355633825,-0.27
674047.079,369374209,355633825,-0.16
674147.079,369374208,355633825,-0.21
674247.079,369374208,355633825,-0.39
674347.079,369374207,355633823,-0.54
674447.079,369374207,355633823,-0.26
674547.079,369374208,355633822,0.1
674647.079,369374208,355633822,0.16
674747.079,369374206,355633820,-0.37
674847.079,369374206,355633820,-0.6
674947.079,369374206,355633826,-0.38
675047.079,369374206,355633826,-0.22
675147.079,369374208,355633830,-0.31
675247.079,369374208,355633830,-0.4
675347.079,369374208,355633828,-0.29
675447.079,369374208,355633828,-0.18
675547.079,369374209,355633825,-0.16
675647.079,369374209,355633825,-0.29
675747.079,369374208,355633827,-0.47
675847.079,369374208,355633827,-0.49
675947.079,369374209,355633826,-0.37
676047.079,369374209,355633826,-0.28
676147.079,369374209,355633826,-0.28
676247.079,369374209,355633826,-0.46
676347.079,369374209,355633826,-0.59
676447.079,369374209,355633826,-0.59
676547.079,369374209,355633825,-0.54
676647.079,369374209,355633825,-0.43
676747.079,369374211,355633825,-0.39
676847.079,369374211,355633825,-0.39
676947.079,369374211,355633825,-0.4
677047.079,369374211,355633825,-0.41
677147.079,369374211,355633824,-0.41
677247.079,369374211,355633824,-0.38
677347.079,369374209,355633823,-0.39
677447.079,369374209,355633823,-0.47
677547.079,369374210,355633823,-0.55
677647.079,369374210,355633823,-0.43
677747.079,369374211,355633823,-0.2
677847.079,369374211,355633823,-0.21
677947.079,369374208,355633823,-0.41
678047.079,369374208,355633823,-0.49
678147.079,369374208,355633823,-0.5
678247.079,369374208,355633823,-0.48
678347.079,369374207,355633823,-0.5
678447.079,369374207,355633823,-0.45
678547.079,369374208,355633823,-0.33
678647.079,369374208,355633823,-0.32
678747.079,369374208,355633822,-0.47
678847.079,369374208,355633822,-0.45
678947.079,369374209,355633821,-0.4
679047.079,369374209,355633821,-0.38
679147.079,369374208,355633822,-0.36
679247.079,369374208,355633822,-0.37
679347.079,369374207,355633822,-0.39
679447.079,369374207,355633822,-0.31
679547.079,369374208,355633822,-0.2
679647.079,369374208,355633822,-0.23
679747.079,369374207,355633824,-0.46
679847.079,369374207,355633824,-0.49
679947.079,369374208,355633824,-0.32
680047.079,369374208,355633824,-0.32
680147.079,369374208,355633823,-0.53
680247.079,369374208,355633823,-0.58
680347.079,369374208,355633824,-0.49
680447.079,369374208,355633824,-0.47
680547.079,369374209,355633825,-0.52
680647.079,369374209,355633825,-0.56
680747.079,369374209,355633825,-0.54
680847.079,369374209,355633825,-0.51
680947.079,369374223,355633830,-0.52
681047.079,369374223,355633830,-0.56
681147.079,369374223,355633827,-0.57
681247.079,369374223,355633827,-0.54
681347.079,369374223,355633827,-0.52
681447.079,369374223,355633827,-0.5
681547.079,369374224,355633824,-0.45
681647.079,369374224,355633824,-0.42
681747.079,369374225,355633824,-0.39
681847.079,369374225,355633824,-0.34
681947.079,369374231,355633829,-0.4
682047.079,369374231,355633829,-0.53
682147.079,369374229,355633832,-0.64
682247.079,369374229,355633832,-0.58
682347.079,369374231,355633833,-0.37
682447.079,369374231,355633833,-0.31
682547.079,369374233,355633830,-0.37
682647.079,369374233,355633830,-0.51
682747.079,369374232,355633830,-0.4
682847.079,369374232,355633830,-0.24
682947.079,369374245,355633832,-0.3
683047.079,369374245,355633832,-0.47
683147.079,369374244,355633827,-0.5
683247.079,369374244,355633827,-0.36
683347.079,369374242,355633826,-0.34
683447.079,369374242,355633826,-0.43
683547.079,369374243,355633826,-0.38
683647.079,369374243,355633826,-0.2
683747.079,369374243,355633826,-0.24
683847.079,369374243,355633826,-0.33
683947.079,369374241,355633824,-0.51
684047.079,369374241,355633824,-0.56
684147.079,369374244,355633821,-0.57
684247.079,369374244,355633821,-0.55
684347.079,369374244,355633824,-0.44
684447.079,369374244,355633824,-0.39
684547.079,369374242,355633823,-0.43
684647.079,369374242,355633823,-0.53
684747.079,369374241,355633824,-0.39
684847.079,369374241,355633824,-0.22
684947.079,369374247,355633828,-0.17
685047.079,369374247,355633828,-0.2
685147.079,369374248,355633831,-0.24
685247.079,369374248,355633831,-0.28
685347.079,369374247,355633834,-0.43
685447.079,369374247,355633834,-0.54
685547.079,369374248,355633831,-0.53
685647.079,369374248,355633831,-0.26
685747.079,369374245,355633831,-0.31
685847.079,369374245,355633831,-0.55
685947.079,369374248,355633829,-0.8
686047.079,369374248,355633829,-0.81
686147.079,369374249,355633830,-0.6
686247.079,369374249,355633830,-0.47
686347.079,369374248,355633828,-0.45
686447.079,369374248,355633828,-0.48
686547.079,369374248,355633827,-0.48
686647.079,369374248,355633827,-0.43
686747.079,369374248,355633830,-0.33
686847.079,369374248,355633830,-0.21
686947.079,369374244,355633829,-0.33
687047.079,369374244,355633829,-0.68
687147.079,369374243,355633823,-0.78
687247.079,369374243,355633823,-0.43
687347.079,369374247,355633825,-0.15
687447.079,369374247,355633825,-0.26
687547.079,369374247,355633827,-0.38
687647.079,369374247,355633827,-0.45
687747.079,369374246,355633827,-0.64
687847.079,369374246,355633827,-0.74
687947.079,369374245,355633827,-0.61
688047.079,369374245,355633827,-0.38
688147.079,369374244,355633827,-0.32
688247.079,369374244,355633827,-0.46
688347.079,369374245,355633825,-0.56
688447.079,369374245,355633825,-0.45
688547.079,369374243,355633825,-0.32
688647.079,369374243,355633825,-0.35
688747.079,369374242,355633827,-0.47
688847.079,369374242,355633827,-0.45
688947.079,369374243,355633825,-0.26
689047.079,369374243,355633825,-0.2
689147.079,369374243,355633824,-0.4
689247.079,369374243,355633824,-0.46
689347.079,369374242,355633827,-0.34
689447.079,369374242,355633827,-0.34
689547.079,369374244,355633825,-0.46
689647.079,369374244,355633825,-0.67
689747.079,369374243,355633825,-1.06
689847.079,369374243,355633825,-1.19
689947.079,369374242,355633822,-1
690047.079,369374242,355633822,-0.54
690147.079,369374237,355633824,0.9000000000000001
690247.079,369374237,355633824,2.05
690347.079,369374231,355633815,3.36
690447.079,369374231,355633815,4.01
690547.079,369374223,355633813,4.55
690647.079,369374223,355633813,4.97
690747.079,369374217,355633808,4.82
690847.079,369374217,355633808,4.61
690947.079,369374217,355633796,3.96
691047.079,369374217,355633796,3.07
691147.079,369374217,355633785,1.32
691247.079,369374217,355633785,0.030000000000000027
691347.079,369374210,355633775,-1.7
691447.079,369374210,355633775,-2.28
691547.079,369374209,355633757,-2.13
691647.079,369374209,355633757,-0.94
691747.079,369374213,355633740,0.010000000000000009
691847.079,369374213,355633740,0
691947.079,369374219,355633727,-0.31
692047.079,369374219,355633727,-0.45
692147.079,369374225,355633716,-1.07
692247.079,369374225,355633716,-1.83
692347.079,369374235,355633702,-2.57
692447.079,369374235,355633702,-3.19
692547.079,369374242,355633690,-3.58
692647.079,369374242,355633690,-3.78
692747.079,369374249,355633676,-3.44
692847.079,369374249,355633676,-2.95
692947.079,369374256,355633659,-2.46
693047.079,369374256,355633659,-2.26
693147.079,369374265,355633646,-2.49
693247.079,369374265,355633646,-2.97
693347.079,369374272,355633630,-3.98
693447.079,369374272,355633630,-4.7
693547.079,369374284,355633616,-5.08
693647.079,369374284,355633616,-4.72
693747.079,369374293,355633600,-4.11
693847.079,369374293,355633600,-4.09
693947.079,369374298,355633580,-4.29
694047.079,369374298,355633580,-4.08
694147.079,369374304,355633558,-3.5
694247.079,369374304,355633558,-3.36
694347.079,369374310,355633544,-3.39
694447.079,369374310,355633544,-3.6
694547.079,369374319,355633526,-4.11
694647.079,369374319,355633526,-4.6
694747.079,369374326,355633509,-4.75
694847.079,369374326,355633509,-4.42
694947.079,369374326,355633493,-3.49
695047.079,369374326,355633493,-2.32
695147.079,369374330,355633475,0.25
695247.079,369374330,355633475,1.41
695347.079,369374335,355633458,1.23
695447.079,369374335,355633458,0.08999999999999997
695547.079,369374340,355633443,-1.02
695647.079,369374340,355633443,-2.13
695747.079,369374346,355633429,-2.02
695847.079,369374346,355633429,-1.73
695947.079,369374343,355633416,-0.84
696047.079,369374343,355633416,-0.09999999999999998
696147.079,369374345,355633399,0.91
696247.079,369374345,355633399,1.02
696347.079,369374342,355633393,0.64
696447.079,369374342,355633393,0.07999999999999999
696547.079,369374343,355633386,0.2
696647.079,369374343,355633386,1.28
696747.079,369374342,355633378,1.69
696847.079,369374342,355633378,1.26
696947.079,369374343,355633376,0.62
697047.079,369374343,355633376,0.68
697147.079,369374345,355633374,1.57
697247.079,369374345,355633374,2.22
697347.079,369374345,355633374,2.59
697447.079,369374345,355633374,2.75
697547.079,369374342,355633376,2.72
697647.079,369374342,355633376,2.68
697747.079,369374343,355633375,2.53
697847.079,369374343,355633375,2.26
697947.079,369374346,355633377,1.48
698047.079,369374346,355633377,1.18
698147.079,369374343,355633379,0.94
698247.079,369374343,355633379,0.56
698347.079,369374341,355633380,-0.03999999999999998
698447.079,369374341,355633380,-0.65
698547.079,369374342,355633381,-0.37
698647.079,369374342,355633381,0.56
698747.079,369374339,355633379,0.51
698847.079,369374339,355633379,0.16000000000000003
698947.079,369374340,355633381,0.11
699047.079,369374340,355633381,0.29
699147.079,369374341,355633378,0.29
699247.079,369374341,355633378,0.31
699347.079,369374344,355633379,0.61
699447.079,369374344,355633379,1.36
699547.079,369374343,355633377,0.22999999999999998
699647.079,369374343,355633377,-1.25
699747.079,369374344,355633378,-2.1
699847.079,369374344,355633378,-1.61
699947.079,369374345,355633381,-0.5
700047.079,369374345,355633381,-0.04000000000000001
700147.079,369374346,355633381,0.34
700247.079,369374346,355633381,0.51
700347.079,369374346,355633381,0.79
700447.079,369374346,355633381,0.82
700547.079,369374349,355633380,0.73
700647.079,369374349,355633380,0.6
700747.079,369374345,355633380,0.4
700847.079,369374345,355633380,0.31
700947.079,369374345,355633379,0.57
701047.079,369374345,355633379,0.74
701147.079,369374348,355633382,0.53
701247.079,369374348,355633382,0.18
701347.079,369374347,355633381,-0.34
701447.079,369374347,355633381,-0.52
701547.079,369374347,355633382,-0.49
701647.079,369374347,355633382,-0.1
701747.079,369374345,355633382,0.53
701847.079,369374345,355633382,0.7
701947.079,369374346,355633382,0.43
702047.079,369374346,355633382,0.12
702147.079,369374347,355633383,-0.57
702247.079,369374347,355633383,-1.12
702347.079,369374345,355633381,-0.78
702447.079,369374345,355633381,-0.010000000000000009
702547.079,369374345,355633385,0.32
702647.079,369374345,355633385,-0.09
702747.079,369374347,355633383,-0.41
702847.079,369374347,355633383,-0.14
702947.079,369374345,355633386,0.17
703047.079,369374345,355633386,0
703147.079,369374346,355633385,-0.25
703247.079,369374346,355633385,-0.09
703347.079,369374344,355633387,0.13
703447.079,369374344,355633387,0.039999999999999994
703547.079,369374344,355633385,-0.22999999999999998
703647.079,369374344,355633385,-0.27
703747.079,369374345,355633385,-0.18
703847.079,369374345,355633385,-0.14
703947.079,369374344,355633385,-0.04
704047.079,369374344,355633385,0.11
704147.079,369374344,355633387,0.26
704247.079,369374344,355633387,0.18
704347.079,369374345,355633386,-0.020000000000000004
704447.079,369374345,355633386,-0.12
704547.079,369374345,355633386,-0.2
704647.079,369374345,355633386,-0.21
704747.079,369374345,355633386,-0.09
704847.079,369374345,355633386,0
704947.079,369374345,355633384,0.01
705047.079,369374345,355633384,-0.03
705147.079,369374345,355633384,-0.06
705247.079,369374345,355633384,-3.469446951953614e-18
705347.079,369374345,355633385,0.12
705447.079,369374345,355633385,0.17
705547.079,369374345,355633385,0.13
705647.079,369374345,355633385,-0.03
705747.079,369374344,355633386,-0.06
705847.079,369374344,355633386,0
705947.079,369374343,355633387,0.1
706047.079,369374343,355633387,0.07
706147.079,369374342,355633389,0.1
706247.079,369374342,355633389,0.1
706347.079,369374342,355633389,0.07
706447.079,369374342,355633389,0.04
706547.079,369374342,355633387,0.07
706647.079,369374342,355633387,0.07
706747.079,369374342,355633388,-0.05
706847.079,369374342,355633388,0
706947.079,369374343,355633391,0.15
707047.079,369374343,355633391,0.16
707147.079,369374342,355633391,0.09
707247.079,369374342,355633391,0.02
707347.079,369374342,355633392,0.02
707447.079,369374342,355633392,0.03
707547.079,369374343,355633392,0.19
707647.079,369374343,355633392,0.3
707747.079,369374342,355633391,0.2
707847.079,369374342,355633391,0.06
707947.079,369374345,355633395,0.02
708047.079,369374345,355633395,0.03
708147.079,369374345,355633395,0.01
708247.079,369374345,355633395,0.08000000000000002
708347.079,369374344,355633395,0.25
708447.079,369374344,355633395,0.22
708547.079,369374346,355633394,0.11
708647.079,369374346,355633394,0.06
708747.079,369374346,355633395,0.19
708847.079,369374346,355633395,0.24
708947.079,369374345,355633395,0.19
709047.079,369374345,355633395,0.13
709147.079,369374344,355633397,0.05
709247.079,369374344,355633397,0.06
709347.079,369374344,355633397,0.11
709447.079,369374344,355633397,0.15
709547.079,369374343,355633397,0.13
709647.079,369374343,355633397,-0.010000000000000002
709747.079,369374344,355633397,-0.04
709847.079,369374344,355633397,-0.01
709947.079,369374344,355633399,0.02
710047.079,369374344,355633399,0.05
710147.079,369374343,355633399,0.09
710247.079,369374343,355633399,0.03
710347.079,369374345,355633398,-0.03
710447.079,369374345,355633398,0.01
710547.079,369374345,355633399,0.11
710647.079,369374345,355633399,0.12
710747.079,369374344,355633398,0.030000000000000002
710847.079,369374344,355633398,0
710947.079,369374344,355633399,-0.01
711047.079,369374344,355633399,-0.02
711147.079,369374344,355633400,-0.05
711247.079,369374344,355633400,-0.06
711347.079,369374345,355633400,0
711447.079,369374345,355633400,0.08
711547.079,369374344,355633400,0.08
711647.079,369374344,355633400,0.010000000000000002
711747.079,369374343,355633400,0.010000000000000002
711847.079,369374343,355633400,0.03
711947.079,369374344,355633401,0.05
712047.079,369374344,355633401,0.11
712147.079,369374344,355633401,0.19
712247.079,369374344,355633401,0.16
712347.079,369374344,355633401,0.04000000000000001
712447.079,369374344,355633401,0.03
712547.079,369374344,355633402,0.06
712647.079,369374344,355633402,0.13
712747.079,369374344,355633402,0.08
712847.079,369374344,355633402,0.03
712947.079,369374341,355633404,0.06
713047.079,369374341,355633404,0.13
713147.079,369374341,355633404,0.23
713247.079,369374341,355633404,0.17
713347.079,369374341,355633405,-0.010000000000000009
713447.079,369374341,355633405,-0.04
713547.079,369374341,355633406,0
713647.079,369374341,355633406,0.01
713747.079,369374343,355633404,0
713847.079,369374343,355633404,-0.01
713947.079,369374337,355633405,-0.09
714047.079,369374337,355633405,-0.08
714147.079,369374337,355633404,0.019999999999999997
714247.079,369374337,355633404,0.04
714347.079,369374337,355633406,-0.08
714447.079,369374337,355633406,-0.25
714547.079,369374337,355633406,-0.35
714647.079,369374337,355633406,-0.31
714747.079,369374338,355633406,-0.24
714847.079,369374338,355633406,-0.24
714947.079,369374337,355633407,-0.26
715047.079,369374337,355633407,-0.26
715147.079,369374336,355633407,-0.21
715247.079,369374336,355633407,-0.15
715347.079,369374336,355633406,0.010000000000000002
715447.079,369374336,355633406,0.12
715547.079,369374337,355633405,0.14
715647.079,369374337,355633405,0.09
715747.079,369374336,355633406,0.03
715847.079,369374336,355633406,0
715947.079,369374336,355633407,0.08
716047.079,369374336,355633407,0.09
716147.079,369374335,355633409,0.05
716247.079,369374335,355633409,0.08
716347.079,369374335,355633408,0.13
716447.079,369374335,355633408,0.05000000000000001
716547.079,369374335,355633408,-0.03
716647.079,369374335,355633408,-0.02
716747.079,369374335,355633408,0.04
716847.079,369374335,355633408,0.06
716947.079,369374339,355633408,0.05
717047.079,369374339,355633408,0.06
717147.079,369374342,355633404,0.11
717247.079,369374342,355633404,0.19
717347.079,369374342,355633404,0.14
717447.079,369374342,355633404,0
717547.079,369374339,355633406,-0.17
717647.079,369374339,355633406,-0.15
717747.079,369374338,355633407,-0.009999999999999995
717847.079,369374338,355633407,0.06
717947.079,369374341,355633407,0.01
718047.079,369374341,355633407,-0.01
718147.079,369374340,355633406,-0.01
718247.079,369374340,355633406,0.01
718347.079,369374341,355633405,0.1
718447.079,369374341,355633405,0.11
718547.079,369374340,355633405,-0.020000000000000004
718647.079,369374340,355633405,-0.13
718747.079,369374339,355633406,-0.13
718847.079,369374339,355633406,0.030000000000000002
718947.079,369374345,355633406,0.11
719047.079,369374345,355633406,0.06
719147.079,369374345,355633405,-0.03
719247.079,369374345,355633405,-0.010000000000000002
719347.079,369374345,355633405,0.13
719447.079,369374345,355633405,0.17
719547.079,369374345,355633406,0.07999999999999999
719647.079,369374345,355633406,-0.13
719747.079,369374347,355633404,-0.23
719847.079,369374347,355633404,-0.22
719947.079,369374351,355633406,0.14
720047.079,369374351,355633406,0.35
720147.079,369374351,355633406,0.3
720247.079,369374351,355633406,0.04999999999999999
720347.079,369374351,355633407,-0.19
720447.079,369374351,355633407,-0.07
720547.079,369374351,355633406,0.14
720647.079,369374351,355633406,0.38
720747.079,369374351,355633407,0.42
720847.079,369374351,355633407,0.22
720947.079,369374352,355633406,-0.11
721047.079,369374352,355633406,-0.15
721147.079,369374351,355633406,0.12
721247.079,369374351,355633406,0.33
721347.079,369374352,355633406,0.37
721447.079,369374352,355633406,0.2
721547.079,369374352,355633406,-0.08
721647.079,369374352,355633406,-0.11
721747.079,369374352,355633407,-0.04
721847.079,369374352,355633407,0.1
721947.079,369374355,355633405,0.21
722047.079,369374355,355633405,0.17
722147.079,369374355,355633404,0
722247.079,369374355,355633404,-0.05
722347.079,369374354,355633405,0.09
722447.079,369374354,355633405,0.19
722547.079,369374355,355633404,0.23
722647.079,369374355,355633404,0.17
722747.079,369374354,355633404,0.11
722847.079,369374354,355633404,0.17
722947.079,369374359,355633404,0.17
723047.079,369374359,355633404,0.17
723147.079,369374360,355633402,0.020000000000000004
723247.079,369374360,355633402,-0.03
723347.079,369374360,355633402,0.06
723447.079,369374360,355633402,0.06
723547.079,369374360,355633403,0
723647.079,369374360,355633403,0.019999999999999997
723747.079,369374360,355633404,0.11
723847.079,369374360,355633404,0.039999999999999994
723947.079,369374362,355633407,-0.13
724047.079,369374362,355633407,-0.12
724147.079,369374361,355633408,0.09
724247.079,369374361,355633408,0.15
724347.079,369374363,355633406,-0.04
724447.079,369374363,355633406,-0.13
724547.079,369374361,355633406,-0.05000000000000001
724647.079,369374361,355633406,0.13
724747.079,369374360,355633406,0.16
724847.079,369374360,355633406,0.08
724947.079,369374364,355633407,0.010000000000000002
725047.079,369374364,355633407,0.01
725147.079,369374364,355633407,0.06
725247.079,369374364,355633407,0.23
725347.079,369374365,355633407,0.34
725447.079,369374365,355633407,0.25
725547.079,369374365,355633407,0.07
725647.079,369374365,355633407,0.03
725747.079,369374365,355633407,0.14
725847.079,369374365,355633407,0.18
725947.079,369374364,355633406,0.07
726047.079,369374364,355633406,0.1
726147.079,369374365,355633404,0.29
726247.079,369374365,355633404,0.31
726347.079,369374364,355633406,0.22
726447.079,369374364,355633406,0.21
726547.079,369374365,355633405,0.18
726647.079,369374365,355633405,0.12
726747.079,369374364,355633405,0.11
726847.079,369374364,355633405,0.29
726947.079,369374364,355633403,0.31
727047.079,369374364,355633403,0.19
727147.079,369374365,355633403,0.15
727247.079,369374365,355633403,0.2
727347.079,369374366,355633404,0.2
727447.079,369374366,355633404,0.24
727547.079,369374365,355633402,0.27
727647.079,369374365,355633402,0.21
727747.079,369374364,355633404,0.15
727847.079,369374364,355633404,0.12
727947.079,369374366,355633400,0.18
728047.079,369374366,355633400,0.22
728147.079,369374367,355633400,0.19
728247.079,369374367,355633400,0.23
728347.079,369374367,355633399,0.32
728447.079,369374367,355633399,0.35
728547.079,369374366,355633398,0.31
728647.079,369374366,355633398,0.05000000000000002
728747.079,369374366,355633400,0.07
728847.079,369374366,355633400,0.44
728947.079,369374365,355633397,0.45
729047.079,369374365,355633397,0.19
729147.079,369374365,355633395,-0.10999999999999999
729247.079,369374365,355633395,0
729347.079,369374365,355633395,0.47
729447.079,369374365,355633395,0.68
729547.079,369374366,355633396,0.61
729647.079,369374366,355633396,0.28
729747.079,369374366,355633396,-0.07000000000000002
729847.079,369374366,355633396,0.039999999999999994
729947.079,369374369,355633398,0.71
730047.079,369374369,355633398,0.83
730147.079,369374367,355633397,0.39
730247.079,369374367,355633397,0.15
730347.079,369374369,355633398,0.1
730447.079,369374369,355633398,0.23
730547.079,369374367,355633398,0.33
730647.079,369374367,355633398,0.42
730747.079,369374367,355633397,0.39
730847.079,369374367,355633397,0.17
730947.079,369374372,355633398,0
731047.079,369374372,355633398,0.14
731147.079,369374371,355633398,0.64
731247.079,369374371,355633398,0.76
731347.079,369374372,355633397,0.46
731447.079,369374372,355633397,0.15
731547.079,369374371,355633398,0.07
731647.079,369374371,355633398,0.21
731747.079,369374372,355633399,0.08
731847.079,369374372,355633399,-0.04
731947.079,369374369,355633401,0.4
732047.079,369374369,355633401,0.59
732147.079,369374368,355633401,0.47
732247.079,369374368,355633401,0.3
732347.079,369374368,355633402,0.27
732447.079,369374368,355633402,0.36
732547.079,369374368,355633401,0.42
732647.079,369374368,355633401,0.34
732747.079,369374368,355633400,0.25
732847.079,369374368,355633400,0.29
732947.079,369374373,355633398,0.46
733047.079,369374373,355633398,0.36
733147.079,369374373,355633397,0.12
733247.079,369374373,355633397,0.19
733347.079,369374374,355633397,0.37
733447.079,369374374,355633397,0.22999999999999998
733547.079,369374374,355633398,-0.009999999999999995
733647.079,369374374,355633398,-0.13
733747.079,369374373,355633398,0.05
733847.079,369374373,355633398,0.32
733947.079,369374379,355633398,0.25
734047.079,369374379,355633398,0.13
734147.079,369374379,355633400,-0.21000000000000002
734247.079,369374379,355633400,-0.31
734347.079,369374379,355633400,0.23
734447.079,369374379,355633400,0.65
734547.079,369374379,355633399,0.75
734647.079,369374379,355633399,0.43
734747.079,369374379,355633400,0.23
734847.079,369374379,355633400,0.25
734947.079,369374386,355633402,0.36
735047.079,369374386,355633402,0.37
735147.079,369374386,355633402,0.21
735247.079,369374386,355633402,0.11
735347.079,369374386,355633402,0.06
735447.079,369374386,355633402,0.08
735547.079,369374387,355633402,0.22
735647.079,369374387,355633402,0.24
735747.079,369374386,355633403,0.21
735847.079,369374386,355633403,0.26
735947.079,369374391,355633404,0.35
736047.079,369374391,355633404,0.26
736147.079,369374391,355633406,0.11
736247.079,369374391,355633406,0.1
736347.079,369374390,355633405,0.27
736447.079,369374390,355633405,0.34
736547.079,369374391,355633404,0.32
736647.079,369374391,355633404,0.24
736747.079,369374391,355633404,0.24
736847.079,369374391,355633404,0.29
736947.079,369374395,355633405,0.3
737047.079,369374395,355633405,0.25
737147.079,369374395,355633406,0.25
737247.079,369374395,355633406,0.33
737347.079,369374395,355633405,0.28
737447.079,369374395,355633405,0.18
737547.079,369374396,355633405,0.09
737647.079,369374396,355633405,-0.09000000000000001
737747.079,369374395,355633405,-0.24
737847.079,369374395,355633405,-0.11
737947.079,369374399,355633406,0.21
738047.079,369374399,355633406,0.32
738147.079,369374399,355633405,0.22
738247.079,369374399,355633405,0.15
738347.079,369374399,355633405,0.27
738447.079,369374399,355633405,0.39
738547.079,369374399,355633405,0.4
738647.079,369374399,355633405,0.31
738747.079,369374399,355633404,0.26
738847.079,369374399,355633404,0.13
738947.079,369374405,355633400,0.02
739047.079,369374405,355633400,0.14
739147.079,369374406,355633400,0.4
739247.079,369374406,355633400,0.4
739347.079,369374406,355633399,0.36
739447.079,369374406,355633399,0.51
739547.079,369374405,355633400,0.67
739647.079,369374405,355633400,0.52
739747.079,369374406,355633400,0.01999999999999999
739847.079,369374406,355633400,-0.04
739947.079,369374411,355633400,0.4
740047.079,369374411,355633400,0.61
740147.079,369374412,355633399,0.55
740247.079,369374412,355633399,0.42
740347.079,369374412,355633398,0.28
740447.079,369374412,355633398,0.3
740547.079,369374410,355633399,0.47
740647.079,369374410,355633399,0.6
740747.079,369374412,355633399,0.52
740847.079,369374412,355633399,0.41
740947.079,369374413,355633397,0.36
741047.079,369374413,355633397,0.31
741147.079,369374414,355633397,0.45
741247.079,369374414,355633397,0.65
741347.079,369374413,355633397,0.56
741447.079,369374413,355633397,0.28
741547.079,369374413,355633398,0.1
741647.079,369374413,355633398,0.09
741747.079,369374413,355633397,0.21
741847.079,369374413,355633397,0.38
741947.079,369374414,355633394,0.65
742047.079,369374414,355633394,0.68
742147.079,369374414,355633393,0.47
742247.079,369374414,355633393,0.36
742347.079,369374414,355633393,0.35
742447.079,369374414,355633393,0.53
742547.079,369374414,355633394,0.62
742647.079,369374414,355633394,0.41
742747.079,369374413,355633393,0.41
742847.079,369374413,355633393,0.55
742947.079,369374416,355633393,0.61
743047.079,369374416,355633393,0.65
743147.079,369374417,355633393,0.43
743247.079,369374417,355633393,0.14
743347.079,369374418,355633392,0.15
743447.079,369374418,355633392,0.51
743547.079,369374417,355633392,0.82
743647.079,369374417,355633392,0.65
743747.079,369374417,355633391,0.24
743847.079,369374417,355633391,0.1
743947.079,369374420,355633391,0.09
744047.079,369374420,355633391,0.07
744147.079,369374421,355633391,0.09
744247.079,369374421,355633391,0.25
744347.079,369374421,355633391,0.55
744447.079,369374421,355633391,0.63
744547.079,369374420,355633391,0.53
744647.079,369374420,355633391,0.38
744747.079,369374420,355633392,0.44
744847.079,369374420,355633392,0.23
744947.079,369374427,355633391,-0.02
745047.079,369374427,355633391,0.19
745147.079,369374427,355633391,0.68
745247.079,369374427,355633391,0.73
745347.079,369374427,355633392,0.25
745447.079,369374427,355633392,0.23
745547.079,369374428,355633390,0.69
745647.079,369374428,355633390,1.24
745747.079,369374427,355633390,1.2
745847.079,369374427,355633390,1.31
745947.079,369374430,355633394,1.58
746047.079,369374430,355633394,1.34
746147.079,369374429,355633394,0.46
746247.079,369374429,355633394,0.04999999999999999
746347.079,369374429,355633394,0.43
746447.079,369374429,355633394,0.77
746547.079,369374429,355633394,0.83
746647.079,369374429,355633394,0.81
746747.079,369374429,355633394,0.76
746847.079,369374429,355633394,0.87
746947.079,369374432,355633392,1.08
747047.079,369374432,355633392,1.05
747147.079,369374432,355633392,1.12
747247.079,369374432,355633392,1.36
747347.079,369374432,355633392,1.41
747447.079,369374432,355633392,1.27
747547.079,369374432,355633392,0.99
747647.079,369374432,355633392,0.69
747747.079,369374432,355633392,0.83
747847.079,369374432,355633392,1.05
747947.079,369374442,355633394,1.02
748047.079,369374442,355633394,0.9
748147.079,369374442,355633393,0.9
748247.079,369374442,355633393,0.89
748347.079,369374442,355633392,0.52
748447.079,369374442,355633392,0.43
748547.079,369374442,355633392,0.91
748647.079,369374442,355633392,1.13
748747.079,369374442,355633393,0.71
748847.079,369374442,355633393,0.44
748947.079,369374449,355633393,0.83
749047.079,369374449,355633393,1.02
749147.079,369374449,355633393,0.53
749247.079,369374449,355633393,0.4
749347.079,369374448,355633393,0.95
749447.079,369374448,355633393,1.29
749547.079,369374449,355633392,1.33
749647.079,369374449,355633392,1.19
749747.079,369374449,355633393,1.47
749847.079,369374449,355633393,1.36
749947.079,369374452,355633391,0.86
750047.079,369374452,355633391,0.67
750147.079,369374452,355633391,0.95
750247.079,369374452,355633391,1.04
750347.079,369374453,355633390,0.83
750447.079,369374453,355633390,0.73
750547.079,369374453,355633390,0.77
750647.079,369374453,355633390,1.07
750747.079,369374453,355633391,1.22
750847.079,369374453,355633391,0.99
750947.079,369374452,355633390,0.7
751047.079,369374452,355633390,0.82
751147.079,369374452,355633391,0.97
751247.079,369374452,355633391,1.03
751347.079,369374451,355633390,0.95
751447.079,369374451,355633390,0.84
751547.079,369374452,355633390,0.81
751647.079,369374452,355633390,0.81
751747.079,369374452,355633390,0.79
751847.079,369374452,355633390,0.86
751947.079,369374452,355633389,0.95
752047.079,369374452,355633389,0.93
752147.079,369374453,355633389,0.92
752247.079,369374453,355633389,1.03
752347.079,369374452,355633390,1.14
752447.079,369374452,355633390,1.14
752547.079,369374453,355633388,1.02
752647.079,369374453,355633388,1.05
752747.079,369374453,355633389,1.04
752847.079,369374453,355633389,0.92
752947.079,369374453,355633389,0.89
753047.079,369374453,355633389,1.02
753147.079,369374453,355633386,1.11
753247.079,369374453,355633386,1.05
753347.079,369374451,355633388,1.11
753447.079,369374451,355633388,1.18
753547.079,369374452,355633389,1.14
753647.079,369374452,355633389,0.97
753747.079,369374452,355633389,1.02
753847.079,369374452,355633389,1.06
753947.079,369374453,355633391,0.89
754047.079,369374453,355633391,0.74
754147.079,369374453,355633390,0.72
754247.079,369374453,355633390,0.77
754347.079,369374453,355633391,0.66
754447.079,369374453,355633391,0.53
754547.079,369374453,355633389,0.48
754647.079,369374453,355633389,0.57
754747.079,369374452,355633390,0.72
754847.079,369374452,355633390,0.81
754947.079,369374454,355633390,0.78
755047.079,369374454,355633390,0.77
755147.079,369374454,355633390,0.81
755247.079,369374454,355633390,0.81
755347.079,369374454,355633390,0.84
755447.079,369374454,355633390,0.96
755547.079,369374453,355633390,1.07
755647.079,369374453,355633390,1.01
755747.079,369374453,355633390,0.95
755847.079,369374453,355633390,1.11
755947.079,369374453,355633394,1.29
756047.079,369374453,355633394,1.35
756147.079,369374453,355633393,1.29
756247.079,369374453,355633393,1.11
756347.079,369374453,355633393,0.91
756447.079,369374453,355633393,0.98
756547.079,369374453,355633394,0.99
756647.079,369374453,355633394,0.86
756747.079,369374453,355633394,0.72
756847.079,369374453,355633394,0.73
756947.079,369374456,355633398,0.82
757047.079,369374456,355633398,0.81
757147.079,369374455,355633399,0.89
757247.079,369374455,355633399,1.03
757347.079,369374457,355633398,1.15
757447.079,369374457,355633398,1.01
757547.079,369374457,355633396,0.51
757647.079,369374457,355633396,0.26
757747.079,369374458,355633397,0.52
757847.079,369374458,355633397,0.76
757947.079,369374452,355633398,0.73
758047.079,369374452,355633398,0.77
758147.079,369374451,355633397,0.6
758247.079,369374451,355633397,0.49
758347.079,369374453,355633397,0.4
758447.079,369374453,355633397,0.48
758547.079,369374451,355633397,0.69
758647.079,369374451,355633397,0.9
758747.079,369374452,355633398,0.89
758847.079,369374452,355633398,0.39
758947.079,369374447,355633401,-0.81
759047.079,369374447,355633401,-1.54
759147.079,369374445,355633401,-2
759247.079,369374445,355633401,-1.88
759347.079,369374445,355633400,-1.46
759447.079,369374445,355633400,-1.54
759547.079,369374445,355633400,-1.49
759647.079,369374445,355633400,-0.97
759747.079,369374446,355633399,0.18999999999999997
759847.079,369374446,355633399,0.49
759947.079,369374444,355633400,0.42
760047.079,369374444,355633400,0.3
760147.079,369374445,355633400,0.17
760247.079,369374445,355633400,0.07
760347.079,369374444,355633400,0.15
760447.079,369374444,355633400,0.31
760547.079,369374444,355633401,0.33
760647.079,369374444,355633401,0.28
760747.079,369374445,355633400,0.15
760847.079,369374445,355633400,0.06
760947.079,369374445,355633398,0.24
761047.079,369374445,355633398,0.6
761147.079,369374444,355633398,0.81
761247.079,369374444,355633398,0.59
761347.079,369374445,355633398,0.13
761447.079,369374445,355633398,-0.010000000000000002
761547.079,369374445,355633398,0.03
761647.079,369374445,355633398,0.27
761747.079,369374445,355633398,0.33
761847.079,369374445,355633398,0.24
761947.079,369374443,355633399,0.22
762047.079,369374443,355633399,0.28
762147.079,369374442,355633399,0.01999999999999999
762247.079,369374442,355633399,-0.31
762347.079,369374442,355633399,-0.52
762447.079,369374442,355633399,-0.34
762547.079,369374443,355633399,-0.11000000000000001
762647.079,369374443,355633399,-0.01
762747.079,369374443,355633400,-0.05
762847.079,369374443,355633400,-0.08
762947.079,369374440,355633400,-0.15
763047.079,369374440,355633400,-0.21
763147.079,369374440,355633400,-0.21
763247.079,369374440,355633400,-0.16
763347.079,369374440,355633400,-0.15
763447.079,369374440,355633400,-0.15
763547.079,369374440,355633399,-0.13
763647.079,369374440,355633399,-0.18
763747.079,369374439,355633400,-0.35
763847.079,369374439,355633400,-0.37
763947.079,369374437,355633400,-0.2
764047.079,369374437,355633400,-0.08
764147.079,369374436,355633401,-0.09
764247.079,369374436,355633401,-0.24
764347.079,369374437,355633401,-0.13
764447.079,369374437,355633401,0.1
764547.079,369374437,355633400,0.14
764647.079,369374437,355633400,-0.29
764747.079,369374436,355633401,-0.55
764847.079,369374436,355633401,-0.4
764947.079,369374436,355633403,-0.029999999999999985
765047.079,369374436,355633403,0.01
765147.079,369374435,355633402,-0.06
765247.079,369374435,355633402,-0.12
765347.079,369374435,355633402,-0.25
765447.079,369374435,355633402,-0.31
765547.079,369374435,355633403,-0.33
765647.079,369374435,355633403,-0.25
765747.079,369374436,355633403,-0.23
765847.079,369374436,355633403,-0.32
765947.079,369374432,355633404,-0.61
766047.079,369374432,355633404,-0.66
766147.079,369374432,355633405,-0.46
766247.079,369374432,355633405,-0.24
766347.079,369374432,355633405,-0.35
766447.079,369374432,355633405,-0.51
766547.079,369374432,355633405,-0.41
766647.079,369374432,355633405,-0.06
766747.079,369374431,355633404,-0.33
766847.079,369374431,355633404,-0.75
766947.079,369374432,355633406,-0.61
767047.079,369374432,355633406,0
767147.079,369374432,355633406,0.38
767247.079,369374432,355633406,0.09999999999999998
767347.079,369374431,355633406,-0.33
767447.079,369374431,355633406,-0.39
767547.079,369374432,355633406,-0.34
767647.079,369374432,355633406,-0.29
767747.079,369374433,355633407,-0.44
767847.079,369374433,355633407,-0.55
767947.079,369374430,355633406,-0.3
768047.079,369374430,355633406,-0.04000000000000002
768147.079,369374430,355633407,-0.04
768247.079,369374430,355633407,-0.2
768347.079,369374430,355633407,-0.58
768447.079,369374430,355633407,-0.53
768547.079,369374430,355633408,-0.04000000000000001
768647.079,369374430,355633408,0.15
768747.079,369374430,355633407,0.12
768847.079,369374430,355633407,0.05
768947.079,369374425,355633407,-0.06
769047.079,369374425,355633407,-0.21
769147.079,369374426,355633408,-0.17
769247.079,369374426,355633408,0
769347.079,369374426,355633408,0.35
769447.079,369374426,355633408,0.54
769547.079,369374425,355633407,0.58
769647.079,369374425,355633407,0.37
769747.079,369374425,355633408,0.26
769847.079,369374425,355633408,0.2
769947.079,369374424,355633407,-3.469446951953614e-18
770047.079,369374424,355633407,0.030000000000000002
770147.079,369374425,355633407,0.13
770247.079,369374425,355633407,0.12
770347.079,369374424,355633408,0.04
770447.079,369374424,355633408,0.12
770547.079,369374423,355633408,0.36
770647.079,369374423,355633408,0.63
770747.079,369374424,355633407,0.36
770847.079,369374424,355633407,0.04000000000000001
770947.079,369374422,355633406,-0.07
771047.079,369374422,355633406,0.14
771147.079,369374421,355633405,0.51
771247.079,369374421,355633405,0.56
771347.079,369374421,355633405,0.44
771447.079,369374421,355633405,0.34
771547.079,369374422,355633406,0.29
771647.079,369374422,355633406,0.31
771747.079,369374421,355633406,0.43
771847.079,369374421,355633406,0.41
771947.079,369374419,355633405,0.21
772047.079,369374419,355633405,0.17
772147.079,369374418,355633405,0.3
772247.079,369374418,355633405,0.32
772347.079,369374419,355633404,0.4
772447.079,369374419,355633404,0.54
772547.079,369374418,355633404,0.64
772647.079,369374418,355633404,0.44
772747.079,369374419,355633404,0.15
772847.079,369374419,355633404,0.18
772947.079,369374418,355633406,0.46
773047.079,369374418,355633406,0.53
773147.079,369374418,355633406,0.53
773247.079,369374418,355633406,0.5
773347.079,369374418,355633406,0.38
773447.079,369374418,355633406,0.34
773547.079,369374418,355633406,0.3
773647.079,369374418,355633406,0.27
773747.079,369374418,355633406,0.15
773847.079,369374418,355633406,0.09
773947.079,369374418,355633404,-0.07
774047.079,369374418,355633404,-0.16
774147.079,369374417,355633404,-0.05
774247.079,369374417,355633404,0.02
774347.079,369374417,355633404,0.08
774447.079,369374417,355633404,0.09
774547.079,369374418,355633405,0.27
774647.079,369374418,355633405,0.21
774747.079,369374416,355633405,-0.24
774847.079,369374416,355633405,-0.41
774947.079,369374415,355633407,-0.15
775047.079,369374415,355633407,0.16
775147.079,369374415,355633407,0.35
775247.079,369374415,355633407,0.26
775347.079,369374415,355633407,0.2
775447.079,369374415,355633407,0.21
775547.079,369374416,355633406,0.21
775647.079,369374416,355633406,0.07
775747.079,369374415,355633406,0.13
775847.079,369374415,355633406,0.19
775947.079,369374412,355633405,-0.1
776047.079,369374412,355633405,-0.41
776147.079,369374412,355633405,-0.59
776247.079,369374412,355633405,-0.52
776347.079,369374412,355633405,-0.42
776447.079,369374412,355633405,-0.45
776547.079,369374412,355633406,-0.72
776647.079,369374412,355633406,-0.88
776747.079,369374412,355633406,-0.99
776847.079,369374412,355633406,-0.91
776947.079,369374411,355633411,-0.58
777047.079,369374411,355633411,-0.26
777147.079,369374410,355633411,0
777247.079,369374410,355633411,0.08
777347.079,369374410,355633411,0.27
777447.079,369374410,355633411,0.41
777547.079,369374411,355633411,0.46
777647.079,369374411,355633411,0.48
777747.079,369374410,355633411,0.43
777847.079,369374410,355633411,0.34
777947.079,369374408,355633411,0.3
778047.079,369374408,355633411,0.19
778147.079,369374407,355633411,0.07
778247.079,369374407,355633411,0.17
778347.079,369374407,355633410,0.43
778447.079,369374407,355633410,0.46
778547.079,369374407,355633410,0.43
778647.079,369374407,355633410,0.39
778747.079,369374408,355633411,0.63
778847.079,369374408,355633411,0.79
778947.079,369374404,355633414,0.5
779047.079,369374404,355633414,0.19
779147.079,369374404,355633415,0.14
779247.079,369374404,355633415,0.24
779347.079,369374404,355633415,0.24
779447.079,369374404,355633415,0.21
779547.079,369374403,355633414,0.33
779647.079,369374403,355633414,0.42
779747.079,369374404,355633414,0.44
779847.079,369374404,355633414,0.43
779947.079,369374404,355633411,0.38
780047.079,369374404,355633411,0.47
780147.079,369374403,355633410,0.5
780247.079,369374403,355633410,0.52
780347.079,369374403,355633411,0.67
780447.079,369374403,355633411,0.73
780547.079,369374402,355633411,0.72
780647.079,369374402,355633411,0.59
780747.079,369374403,355633411,0.64
780847.079,369374403,355633411,0.75
780947.079,369374404,355633413,0.84
781047.079,369374404,355633413,0.77
781147.079,369374404,355633413,0.63
781247.079,369374404,355633413,0.52
781347.079,369374404,355633414,0.41
781447.079,369374404,355633414,0.43
781547.079,369374404,355633414,0.5
781647.079,369374404,355633414,0.46
781747.079,369374404,355633414,0.53
781847.079,369374404,355633414,0.67
781947.079,369374404,355633412,0.74
782047.079,369374404,355633412,0.63
782147.079,369374404,355633411,0.5
782247.079,369374404,355633411,0.54
782347.079,369374404,355633411,0.56
782447.079,369374404,355633411,0.48
782547.079,369374404,355633411,0.47
782647.079,369374404,355633411,0.59
782747.079,369374404,355633411,0.72
782847.079,369374404,355633411,0.73
782947.079,369374404,355633410,0.59
783047.079,369374404,355633410,0.52
783147.079,369374404,355633410,0.52
783247.079,369374404,355633410,0.52
783347.079,369374402,355633410,0.42
783447.079,369374402,355633410,0.22
783547.079,369374404,355633410,0.14
783647.079,369374404,355633410,0.18
783747.079,369374404,355633410,0.26
783847.079,369374404,355633410,0.36
783947.079,369374405,355633411,0.59
784047.079,369374405,355633411,0.6
784147.079,369374405,355633411,0.62
784247.079,369374405,355633411,0.7
784347.079,369374405,355633411,0.79
784447.079,369374405,355633411,0.69
784547.079,369374405,355633412,0.57
784647.079,369374405,355633412,0.61
784747.079,369374405,355633411,0.8
784847.079,369374405,355633411,0.82
784947.079,369374405,355633412,0.77
785047.079,369374405,355633412,0.75
785147.079,369374406,355633412,0.67
785247.079,369374406,355633412,0.57
785347.079,369374406,355633411,0.55
785447.079,369374406,355633411,0.75
785547.079,369374406,355633411,0.85
785647.079,369374406,355633411,0.69
785747.079,369374406,355633411,0.49
785847.079,369374406,355633411,0.5
785947.079,369374406,355633410,0.53
786047.079,369374406,355633410,0.55
786147.079,369374406,355633410,0.54
786247.079,369374406,355633410,0.43
786347.079,369374406,355633410,0.3
786447.079,369374406,355633410,0.18
786547.079,369374406,355633410,0.17
786647.079,369374406,355633410,0.31
786747.079,369374406,355633410,0.4
786847.079,369374406,355633410,0.32
786947.079,369374408,355633409,0.24
787047.079,369374408,355633409,0.3
787147.079,369374406,355633409,0.55
787247.079,369374406,355633409,0.68
787347.079,369374405,355633409,0.72
787447.079,369374405,355633409,0.5
787547.079,369374406,355633410,0.53
787647.079,369374406,355633410,0.87
787747.079,369374406,355633410,0.74
787847.079,369374406,355633410,0.57
787947.079,369374405,355633410,0.63
788047.079,369374405,355633410,0.71
788147.079,369374405,355633410,0.67
788247.079,369374405,355633410,0.47
788347.079,369374405,355633410,0.33
788447.079,369374405,355633410,0.32
788547.079,369374405,355633409,0.3
788647.079,369374405,355633409,-1.3877787807814457e-17
788747.079,369374405,355633409,0.14
788847.079,369374405,355633409,0.65
788947.079,369374405,355633408,1.02
789047.079,369374405,355633408,0.66
789147.079,369374405,355633408,0.26
789247.079,369374405,355633408,0.57
789347.079,369374405,355633409,1.01
789447.079,369374405,355633409,1.01
789547.079,369374405,355633408,0.8
789647.079,369374405,355633408,0.78
789747.079,369374406,355633408,0.36
789847.079,369374406,355633408,0.06
789947.079,369374406,355633410,0.33000000000000007
790047.079,369374406,355633410,0.68
790147.079,369374406,355633410,0.78
790247.079,369374406,355633410,0.58
790347.079,369374407,355633409,0.47
790447.079,369374407,355633409,0.48
790547.079,369374406,355633410,0.52
790647.079,369374406,355633410,0.45
790747.079,369374407,355633409,0.27
790847.079,369374407,355633409,0.2
790947.079,369374405,355633409,0.27
791047.079,369374405,355633409,0.47
791147.079,369374405,355633409,1.1
791247.079,369374405,355633409,1.09
791347.079,369374406,355633408,0.69
791447.079,369374406,355633408,0.41
791547.079,369374406,355633409,0.48
791647.079,369374406,355633409,0.62
791747.079,369374406,355633408,0.74
791847.079,369374406,355633408,0.72
791947.079,369374406,355633409,0.71
792047.079,369374406,355633409,0.56
792147.079,369374407,355633409,0.68
792247.079,369374407,355633409,1.17
792347.079,369374407,355633409,1.45
792447.079,369374407,355633409,1.13
792547.079,369374407,355633409,0.84
792647.079,369374407,355633409,0.76
792747.079,369374407,355633409,0.76
792847.079,369374407,355633409,0.79
792947.079,369374407,355633409,0.75
793047.079,369374407,355633409,0.79
793147.079,369374408,355633409,1.03
793247.079,369374408,355633409,1.14
793347.079,369374408,355633409,1.11
793447.079,369374408,355633409,1.05
793547.079,369374408,355633409,1.01
793647.079,369374408,355633409,1.02
793747.079,369374408,355633409,1.1
793847.079,369374408,355633409,1.11
793947.079,369374408,355633406,1.07
794047.079,369374408,355633406,0.97
794147.079,369374407,355633406,0.72
794247.079,369374407,355633406,0.81
794347.079,369374407,355633407,1.04
794447.079,369374407,355633407,1.25
794547.079,369374407,355633406,1.08
794647.079,369374407,355633406,0.67
794747.079,369374407,355633406,0.64
794847.079,369374407,355633406,0.6
794947.079,369374407,355633405,0.35
795047.079,369374407,355633405,0.39
795147.079,369374407,355633405,0.71
795247.079,369374407,355633405,0.97
795347.079,369374407,355633405,1.04
795447.079,369374407,355633405,0.85
795547.079,369374407,355633405,0.66
795647.079,369374407,355633405,0.6
795747.079,369374407,355633405,0.92
795847.079,369374407,355633405,1.14
795947.079,369374406,355633404,1.13
796047.079,369374406,355633404,1.03
796147.079,369374405,355633404,1.04
796247.079,369374405,355633404,1.06
796347.079,369374406,355633404,1.01
796447.079,369374406,355633404,0.88
796547.079,369374405,355633404,0.86
796647.079,369374405,355633404,1.17
796747.079,369374406,355633404,1.42
796847.079,369374406,355633404,1.23
796947.079,369374406,355633404,0.96
797047.079,369374406,355633404,0.99
797147.079,369374406,355633405,0.98
797247.079,369374406,355633405,0.87
797347.079,369374407,355633405,0.79
797447.079,369374407,355633405,0.72
797547.079,369374406,355633404,0.68
797647.079,369374406,355633404,0.68
797747.079,369374406,355633404,0.74
797847.079,369374406,355633404,0.7
797947.079,369374407,355633406,0.6
798047.079,369374407,355633406,0.59
798147.079,369374406,355633406,0.57
798247.079,369374406,355633406,0.52
798347.079,369374406,355633406,0.49
798447.079,369374406,355633406,0.5
798547.079,369374406,355633406,0.53
798647.079,369374406,355633406,0.49
798747.079,369374406,355633406,0.41
798847.079,369374406,355633406,0.43
798947.079,369374407,355633407,0.49
799047.079,369374407,355633407,0.5
799147.079,369374406,355633408,0.43
799247.079,369374406,355633408,0.36
799347.079,369374406,355633408,0.35
799447.079,369374406,355633408,0.38
799547.079,369374406,355633408,0.4
799647.079,369374406,355633408,0.53
799747.079,369374406,355633408,0.66
799847.079,369374406,355633408,0.62
799947.079,369374407,355633409,0.59
800047.079,369374407,355633409,0.62
800147.079,369374407,355633408,0.58
800247.079,369374407,355633408,0.6
800347.079,369374407,355633409,0.65
800447.079,369374407,355633409,0.65
800547.079,369374407,355633408,0.63
800647.079,369374407,355633408,0.68
800747.079,369374407,355633408,0.7
800847.079,369374407,355633408,0.64
800947.079,369374405,355633407,0.54
801047.079,369374405,355633407,0.64
801147.079,369374406,355633407,0.83
801247.079,369374406,355633407,0.7
801347.079,369374406,355633407,0.55
801447.079,369374406,355633407,0.63
801547.079,369374405,355633408,0.65
801647.079,369374405,355633408,0.56
801747.079,369374406,355633408,0.63
801847.079,369374406,355633408,0.7
801947.079,369374406,355633408,0.64
802047.079,369374406,355633408,0.62
802147.079,369374406,355633408,0.65
802247.079,369374406,355633408,0.74
802347.079,369374405,355633408,0.78
802447.079,369374405,355633408,0.73
802547.079,369374405,355633409,0.85
802647.079,369374405,355633409,0.97
802747.079,369374405,355633409,0.79
802847.079,369374405,355633409,0.63
802947.079,369374404,355633410,0.66
803047.079,369374404,355633410,0.79
803147.079,369374404,355633411,0.69
803247.079,369374404,355633411,0.49
803347.079,369374404,355633411,0.52
803447.079,369374404,355633411,0.63
803547.079,369374404,355633410,0.65
803647.079,369374404,355633410,0.64
803747.079,369374405,355633409,0.68
803847.079,369374405,355633409,0.71
803947.079,369374405,355633413,0.75
804047.079,369374405,355633413,0.77
804147.079,369374406,355633413,0.88
804247.079,369374406,355633413,0.95
804347.079,369374406,355633413,0.89
804447.079,369374406,355633413,0.72
804547.079,369374406,355633413,0.51
804647.079,369374406,355633413,0.44
804747.079,369374406,355633413,0.52
804847.079,369374406,355633413,0.65
804947.079,369374403,355633412,0.82
805047.079,369374403,355633412,0.82
805147.079,369374403,355633412,0.76
805247.079,369374403,355633412,0.71
805347.079,369374403,355633412,0.7
805447.079,369374403,355633412,0.72
805547.079,369374404,355633412,0.71
805647.079,369374404,355633412,0.82
805747.079,369374403,355633412,0.91
805847.079,369374403,355633412,0.78
805947.079,369374403,355633414,0.64
806047.079,369374403,355633414,0.66
806147.079,369374403,355633414,0.7
806247.079,369374403,355633414,0.71
806347.079,369374402,355633414,0.72
806447.079,369374402,355633414,0.72
806547.079,369374402,355633414,0.8
806647.079,369374402,355633414,0.88
806747.079,369374402,355633414,0.99
806847.079,369374402,355633414,0.98
806947.079,369374403,355633416,0.77
807047.079,369374403,355633416,0.59
807147.079,369374403,355633417,0.54
807247.079,369374403,355633417,0.69
807347.079,369374403,355633416,0.7
807447.079,369374403,355633416,0.59
807547.079,369374403,355633417,0.55
807647.079,369374403,355633417,0.85
807747.079,369374402,355633417,1.04
807847.079,369374402,355633417,1
807947.079,369374402,355633418,0.89
808047.079,369374402,355633418,0.78
808147.079,369374401,355633419,0.71
808247.079,369374401,355633419,0.82
808347.079,369374401,355633418,1.12
808447.079,369374401,355633418,1.17
808547.079,369374401,355633419,1.06
808647.079,369374401,355633419,0.86
808747.079,369374401,355633419,0.85
808847.079,369374401,355633419,0.87
808947.079,369374401,355633419,0.68
809047.079,369374401,355633419,0.64
809147.079,369374401,355633419,0.81
809247.079,369374401,355633419,0.86
809347.079,369374401,355633419,0.83
809447.079,369374401,355633419,0.79
809547.079,369374400,355633419,0.72
809647.079,369374400,355633419,0.67
809747.079,369374401,355633419,0.81
809847.079,369374401,355633419,0.96
809947.079,369374401,355633422,1
810047.079,369374401,355633422,0.87
810147.079,369374400,355633422,0.71
810247.079,369374400,355633422,0.8
810347.079,369374400,355633422,0.89
810447.079,369374400,355633422,0.8
810547.079,369374400,355633423,0.7
810647.079,369374400,355633423,0.74
810747.079,369374400,355633423,0.77
810847.079,369374400,355633423,0.8
810947.079,369374401,355633426,0.87
811047.079,369374401,355633426,0.81
811147.079,369374401,355633426,0.7
811247.079,369374401,355633426,0.75
811347.079,369374401,355633427,0.82
811447.079,369374401,355633427,0.75
811547.079,369374401,355633426,0.65
811647.079,369374401,355633426,0.57
811747.079,369374401,355633426,0.63
811847.079,369374401,355633426,0.72
811947.079,369374400,355633427,0.93
812047.079,369374400,355633427,1
812147.079,369374400,355633428,0.79
812247.079,369374400,355633428,0.6
812347.079,369374399,355633427,0.7
812447.079,369374399,355633427,0.92
812547.079,369374400,355633427,1.01
812647.079,369374400,355633427,0.86
812747.079,369374400,355633427,0.76
812847.079,369374400,355633427,0.75
812947.079,369374400,355633431,0.78
813047.079,369374400,355633431,0.8
813147.079,369374400,355633431,0.79
813247.079,369374400,355633431,0.78
813347.079,369374400,355633431,0.75
813447.079,369374400,355633431,0.76
813547.079,369374400,355633431,0.82
813647.079,369374400,355633431,0.88
813747.079,369374400,355633431,0.79
813847.079,369374400,355633431,0.75
813947.079,369374400,355633434,0.86
814047.079,369374400,355633434,0.9
814147.079,369374400,355633434,0.85
814247.079,369374400,355633434,0.8
814347.079,369374400,355633434,0.76
814447.079,369374400,355633434,0.77
814547.079,369374400,355633434,0.81
814647.079,369374400,355633434,0.87
814747.079,369374400,355633434,0.81
814847.079,369374400,355633434,0.75
814947.079,369374399,355633436,0.78
815047.079,369374399,355633436,0.83
815147.079,369374399,355633436,0.82
815247.079,369374399,355633436,0.77
815347.079,369374399,355633436,0.69
815447.079,369374399,355633436,0.67
815547.079,369374399,355633436,0.68
815647.079,369374399,355633436,0.76
815747.079,369374399,355633436,0.77
815847.079,369374399,355633436,0.75
815947.079,369374398,355633438,0.69
816047.079,369374398,355633438,0.62
816147.079,369374398,355633438,0.55
816247.079,369374398,355633438,0.61
816347.079,369374397,355633438,0.73
816447.079,369374397,355633438,0.75
816547.079,369374397,355633438,0.69
816647.079,369374397,355633438,0.65
816747.079,369374398,355633437,0.67
816847.079,369374398,355633437,0.7
816947.079,369374396,355633441,0.72
817047.079,369374396,355633441,0.7
817147.079,369374396,355633441,0.61
817247.079,369374396,355633441,0.57
817347.079,369374397,355633441,0.62
817447.079,369374397,355633441,0.65
817547.079,369374396,355633441,0.68
817647.079,369374396,355633441,0.74
817747.079,369374396,355633441,0.87
817847.079,369374396,355633441,0.87
817947.079,369374396,355633444,0.72
818047.079,369374396,355633444,0.63
818147.079,369374396,355633445,0.64
818247.079,369374396,355633445,0.69
818347.079,369374396,355633445,0.75
818447.079,369374396,355633445,0.76
818547.079,369374396,355633445,0.75
818647.079,369374396,355633445,0.61
818747.079,369374396,355633445,0.43
818847.079,369374396,355633445,0.47
818947.079,369374395,355633447,0.64
819047.079,369374395,355633447,0.66
819147.079,369374395,355633447,0.68
819247.079,369374395,355633447,0.8
819347.079,369374395,355633447,0.88
819447.079,369374395,355633447,0.81
819547.079,369374395,355633447,0.76
819647.079,369374395,355633447,0.83
819747.079,369374396,355633447,0.91
819847.079,369374396,355633447,0.88
819947.079,369374394,355633449,0.86
820047.079,369374394,355633449,0.88
820147.079,369374394,355633449,0.79
820247.079,369374394,355633449,0.7
820347.079,369374395,355633449,0.65
820447.079,369374395,355633449,0.67
820547.079,369374394,355633449,0.69
820647.079,369374394,355633449,0.72
820747.079,369374394,355633449,0.74
820847.079,369374394,355633449,0.78
820947.079,369374393,355633451,0.82
821047.079,369374393,355633451,0.86
821147.079,369374393,355633451,0.76
821247.079,369374393,355633451,0.69
821347.079,369374393,355633451,0.72
821447.079,369374393,355633451,0.72
821547.079,369374393,355633451,0.65
821647.079,369374393,355633451,0.65
821747.079,369374393,355633451,0.7
821847.079,369374393,355633451,0.77
821947.079,369374392,355633454,0.91
822047.079,369374392,355633454,0.8
822147.079,369374392,355633454,0.67
822247.079,369374392,355633454,0.74
822347.079,369374391,355633454,0.76
822447.079,369374391,355633454,0.71
822547.079,369374392,355633454,0.77
822647.079,369374392,355633454,0.79
822747.079,369374392,355633454,0.55
822847.079,369374392,355633454,0.6
822947.079,369374392,355633458,0.89
823047.079,369374392,355633458,1.06
823147.079,369374392,355633458,0.98
823247.079,369374392,355633458,0.83
823347.079,369374393,355633459,0.76
823447.079,369374393,355633459,0.74
823547.079,369374393,355633458,0.71
823647.079,369374393,355633458,0.72
823747.079,369374392,355633458,0.82
823847.079,369374392,355633458,0.83
823947.079,369374392,355633463,0.67
824047.079,369374392,355633463,0.67
824147.079,369374392,355633463,0.93
824247.079,369374392,355633463,1.14
824347.079,369374392,355633463,1.14
824447.079,369374392,355633463,0.95
824547.079,369374391,355633463,0.84
824647.079,369374391,355633463,0.88
824747.079,369374391,355633463,0.91
824847.079,369374391,355633463,0.96
824947.079,369374391,355633466,0.97
825047.079,369374391,355633466,0.87
825147.079,369374391,355633466,0.56
825247.079,369374391,355633466,0.51
825347.079,369374391,355633466,0.81
825447.079,369374391,355633466,1.12
825547.079,369374391,355633466,1.31
825647.079,369374391,355633466,1.33
825747.079,369374391,355633466,1.38
825847.079,369374391,355633466,1.29
825947.079,369374392,355633470,0.96
826047.079,369374392,355633470,0.84
826147.079,369374392,355633470,1.05
826247.079,369374392,355633470,1.14
826347.079,369374392,355633470,0.94
826447.079,369374392,355633470,0.81
826547.079,369374392,355633470,0.75
826647.079,369374392,355633470,0.91
826747.079,369374392,355633469,0.86
826847.079,369374392,355633469,0.54
826947.079,369374393,355633473,0.14
827047.079,369374393,355633473,0.11
827147.079,369374393,355633473,0.3
827247.079,369374393,355633473,0.45
827347.079,369374393,355633473,0.56
827447.079,369374393,355633473,0.63
827547.079,369374393,355633473,0.62
827647.079,369374393,355633473,0.44
827747.079,369374393,355633474,0.57
827847.079,369374393,355633474,0.86
827947.079,369374393,355633475,0.7
828047.079,369374393,355633475,0.37
828147.079,369374393,355633476,0.41
828247.079,369374393,355633476,0.56
828347.079,369374393,355633475,0.45
828447.079,369374393,355633475,0.39
828547.079,369374393,355633475,0.49
828647.079,369374393,355633475,0.51
828747.079,369374393,355633475,0.32
828847.079,369374393,355633475,0.45
828947.079,369374392,355633477,0.75
829047.079,369374392,355633477,0.77
829147.079,369374392,355633477,0.68
829247.079,369374392,355633477,0.68
829347.079,369374392,355633478,0.7
829447.079,369374392,355633478,0.69
829547.079,369374392,355633477,0.68
829647.079,369374392,355633477,0.72
829747.079,369374392,355633477,0.83
829847.079,369374392,355633477,0.74
829947.079,369374391,355633480,0.64
830047.079,369374391,355633480,0.69
830147.079,369374391,355633479,0.77
830247.079,369374391,355633479,0.71
830347.079,369374391,355633480,0.64
830447.079,369374391,355633480,0.65
830547.079,369374391,355633480,0.74
830647.079,369374391,355633480,0.81
830747.079,369374391,355633479,0.73
830847.079,369374391,355633479,0.72
830947.079,369374389,355633481,0.73
831047.079,369374389,355633481,0.65
831147.079,369374389,355633481,0.52
831247.079,369374389,355633481,0.66
831347.079,369374389,355633480,0.81
831447.079,369374389,355633480,0.7
831547.079,369374389,355633481,0.56
831647.079,369374389,355633481,0.38
831747.079,369374389,355633481,0.34
831847.079,369374389,355633481,0.47
831947.079,369374388,355633484,0.53
832047.079,369374388,355633484,0.45
832147.079,369374389,355633484,0.4
832247.079,369374389,355633484,0.61
832347.079,369374388,355633484,0.87
832447.079,369374388,355633484,0.76
832547.079,369374388,355633484,0.48
832647.079,369374388,355633484,0.39
832747.079,369374388,355633484,0.4
832847.079,369374388,355633484,0.3
832947.079,369374388,355633489,0.12
833047.079,369374388,355633489,0.3
833147.079,369374388,355633489,0.65
833247.079,369374388,355633489,0.61
833347.079,369374388,355633489,0.41
833447.079,369374388,355633489,0.29
833547.079,369374388,355633489,0.1
833647.079,369374388,355633489,0.06
833747.079,369374388,355633489,0.1
833847.079,369374388,355633489,0.3
833947.079,369374387,355633491,1.22
834047.079,369374387,355633491,1.48
834147.079,369374387,355633491,0.94
834247.079,369374387,355633491,0.75
834347.079,369374387,355633491,0.98
834447.079,369374387,355633491,1.15
834547.079,369374387,355633491,0.97
834647.079,369374387,355633491,0.8
834747.079,369374387,355633491,0.8
834847.079,369374387,355633491,0.89
834947.079,369374386,355633494,0.89
835047.079,369374386,355633494,0.78
835147.079,369374386,355633494,0.76
835247.079,369374386,355633494,0.79
835347.079,369374386,355633495,0.86
835447.079,369374386,355633495,0.89
835547.079,369374386,355633494,0.83
835647.079,369374386,355633494,0.77
835747.079,369374386,355633494,0.79
835847.079,369374386,355633494,0.82
835947.079,369374386,355633499,0.92
836047.079,369374386,355633499,0.66
836147.079,369374387,355633499,0.13
836247.079,369374387,355633499,0
836347.079,369374387,355633499,0.04
836447.079,369374387,355633499,0.08
836547.079,369374387,355633499,0.1
836647.079,369374387,355633499,0.27
836747.079,369374386,355633499,0.39
836847.079,369374386,355633499,0.37
836947.079,369374386,355633501,0.29
837047.079,369374386,355633501,0.28
837147.079,369374386,355633501,0.3
837247.079,369374386,355633501,0.29
837347.079,369374386,355633501,0.27
837447.079,369374386,355633501,0.49
837547.079,369374385,355633501,0.9
837647.079,369374385,355633501,0.9
837747.079,369374386,355633501,0.68
837847.079,369374386,355633501,0.64
837947.079,369374385,355633501,0.62
838047.079,369374385,355633501,0.55
838147.079,369374385,355633501,0.47
838247.079,369374385,355633501,0.48
838347.079,369374385,355633501,0.63
838447.079,369374385,355633501,0.71
838547.079,369374385,355633501,0.81
838647.079,369374385,355633501,0.95
838747.079,369374384,355633500,0.86
838847.079,369374384,355633500,0.8
838947.079,369374383,355633503,0.64
839047.079,369374383,355633503,0.72
839147.079,369374383,355633504,1.19
839247.079,369374383,355633504,1.27
839347.079,369374383,355633503,0.87
839447.079,369374383,355633503,0.82
839547.079,369374383,355633503,0.9
839647.079,369374383,355633503,1.04
839747.079,369374383,355633503,1.17
839847.079,369374383,355633503,1.09
839947.079,369374383,355633506,1.03
840047.079,369374383,355633506,0.89
840147.079,369374383,355633506,0.76
840247.079,369374383,355633506,0.97
840347.079,369374382,355633506,1.5
840447.079,369374382,355633506,1.77
840547.079,369374382,355633506,1.85
840647.079,369374382,355633506,1.65
840747.079,369374382,355633506,1.49
840847.079,369374382,355633506,1.39
840947.079,369374380,355633506,1.24
841047.079,369374380,355633506,1.24
841147.079,369374380,355633506,1.33
841247.079,369374380,355633506,1.23
841347.079,369374380,355633506,1.21
841447.079,369374380,355633506,1.41
841547.079,369374380,355633506,1.6
841647.079,369374380,355633506,1.65
841747.079,369374380,355633506,1.7
841847.079,369374380,355633506,1.7
841947.079,369374379,355633507,1.31
842047.079,369374379,355633507,1.1
842147.079,369374379,355633507,1.15
842247.079,369374379,355633507,1.31
842347.079,369374379,355633507,1.12
842447.079,369374379,355633507,0.79
842547.079,369374379,355633507,0.62
842647.079,369374379,355633507,0.63
842747.079,369374379,355633507,0.76
842847.079,369374379,355633507,0.93
842947.079,369374377,355633508,1.1
843047.079,369374377,355633508,1.07
843147.079,369374377,355633508,0.95
843247.079,369374377,355633508,0.98
843347.079,369374377,355633508,1.01
843447.079,369374377,355633508,1
843547.079,369374377,355633509,1.02
843647.079,369374377,355633509,0.98
843747.079,369374377,355633509,0.84
843847.079,369374377,355633509,0.73
843947.079,369374374,355633511,0.65
844047.079,369374374,355633511,0.68
844147.079,369374374,355633511,0.65
844247.079,369374374,355633511,0.6
844347.079,369374374,355633511,0.37
844447.079,369374374,355633511,0.14
844547.079,369374374,355633511,0
844647.079,369374374,355633511,0.02
844747.079,369374374,355633511,-0.01
844847.079,369374374,355633511,-0.15000000000000002
844947.079,369374371,355633512,0.10999999999999999
845047.079,369374371,355633512,0.53
845147.079,369374371,355633512,0.9
845247.079,369374371,355633512,0.95
845347.079,369374371,355633512,0.85
845447.079,369374371,355633512,0.68
845547.079,369374371,355633512,0.53
845647.079,369374371,355633512,0.46
845747.079,369374371,355633512,0.54
845847.079,369374371,355633512,0.62
845947.079,369374369,355633513,0.57
846047.079,369374369,355633513,0.48
846147.079,369374369,355633513,0.31
846247.079,369374369,355633513,0.2
846347.079,369374369,355633514,-0.09000000000000001
846447.079,369374369,355633514,-0.33
846547.079,369374369,355633514,-0.27
846647.079,369374369,355633514,0.10000000000000002
846747.079,369374369,355633513,0.5
846847.079,369374369,355633513,0.64
846947.079,369374366,355633513,0.63
847047.079,369374366,355633513,0.65
847147.079,369374366,355633513,0.72
847247.079,369374366,355633513,0.42
847347.079,369374365,355633513,0.23
847447.079,369374365,355633513,0.23
847547.079,369374366,355633513,0.09
847647.079,369374366,355633513,0.13
847747.079,369374366,355633513,0.039999999999999994
847847.079,369374366,355633513,-0.11
847947.079,369374362,355633514,-0.18
848047.079,369374362,355633514,0.020000000000000004
848147.079,369374362,355633514,0.23
848247.079,369374362,355633514,0.17
848347.079,369374362,355633513,0.06
848447.079,369374362,355633513,0.36
848547.079,369374362,355633513,0.7
848647.079,369374362,355633513,0.58
848747.079,369374362,355633513,0.21
848847.079,369374362,355633513,0.09
848947.079,369374359,355633514,0.1
849047.079,369374359,355633514,0.4
849147.079,369374359,355633514,0.58
849247.079,369374359,355633514,0.5
849347.079,369374359,355633514,0.36
849447.079,369374359,355633514,0.42
849547.079,369374359,355633514,0.64
849647.079,369374359,355633514,0.68
849747.079,369374359,355633514,0.63
849847.079,369374359,355633514,0.57
849947.079,369374356,355633514,0.62
850047.079,369374356,355633514,0.99
850147.079,369374356,355633514,0.82
850247.079,369374356,355633514,0.56
850347.079,369374356,355633515,0.58
850447.079,369374356,355633515,0.65
850547.079,369374355,355633514,0.64
850647.079,369374355,355633514,0.66
850747.079,369374356,355633514,0.67
850847.079,369374356,355633514,0.63
850947.079,369374354,355633515,0.64
851047.079,369374354,355633515,0.81
851147.079,369374355,355633516,0.98
851247.079,369374355,355633516,0.92
851347.079,369374355,355633516,0.74
851447.079,369374355,355633516,0.81
851547.079,369374355,355633516,1
851647.079,369374355,355633516,1.01
851747.079,369374355,355633516,0.85
851847.079,369374355,355633516,0.74
851947.079,369374354,355633517,0.78
852047.079,369374354,355633517,0.9
852147.079,369374354,355633517,1.12
852247.079,369374354,355633517,1.27
852347.079,369374354,355633517,1.18
852447.079,369374354,355633517,0.94
852547.079,369374353,355633517,0.77
852647.079,369374353,355633517,0.86
852747.079,369374353,355633516,0.97
852847.079,369374353,355633516,0.87
852947.079,369374351,355633516,0.82
853047.079,369374351,355633516,0.81
853147.079,369374351,355633516,0.82
853247.079,369374351,355633516,0.83
853347.079,369374351,355633516,0.87
853447.079,369374351,355633516,0.9
853547.079,369374351,355633516,0.92
853647.079,369374351,355633516,0.93
853747.079,369374351,355633516,0.82
853847.079,369374351,355633516,0.56
853947.079,369374348,355633515,0.27
854047.079,369374348,355633515,0.1
854147.079,369374348,355633515,0.19
854247.079,369374348,355633515,-0.23
854347.079,369374348,355633516,-0.65
854447.079,369374348,355633516,-0.96
854547.079,369374348,355633516,-0.92
854647.079,369374348,355633516,-0.33
854747.079,369374349,355633516,-0.54
854847.079,369374349,355633516,-0.79
854947.079,369374343,355633512,-0.67
855047.079,369374343,355633512,0.21
855147.079,369374342,355633512,0.01999999999999999
855247.079,369374342,355633512,-0.45
855347.079,369374342,355633512,-1.04
855447.079,369374342,355633512,-1.11
855547.079,369374341,355633513,-0.59
855647.079,369374341,355633513,-0.48
855747.079,369374342,355633513,-0.56
855847.079,369374342,355633513,-0.19999999999999998
855947.079,369374340,355633512,0.18
856047.079,369374340,355633512,0.25
856147.079,369374340,355633513,0.18
856247.079,369374340,355633513,0.13
856347.079,369374340,355633513,-0.05000000000000001
856447.079,369374340,355633513,-0.21
856547.079,369374340,355633513,-0.3
856647.079,369374340,355633513,-0.15
856747.079,369374340,355633512,0.23
856847.079,369374340,355633512,0.25
856947.079,369374340,355633512,0.08
857047.079,369374340,355633512,0
857147.079,369374340,355633512,0.22
857247.079,369374340,355633512,0.36
857347.079,369374339,355633512,0.38
857447.079,369374339,355633512,0.33
857547.079,369374339,355633512,0.28
857647.079,369374339,355633512,0.32
857747.079,369374339,355633513,0.43
857847.079,369374339,355633513,0.5
857947.079,369374337,355633512,0.49
858047.079,369374337,355633512,0.41
858147.079,369374337,355633512,0.3
858247.079,369374337,355633512,0.31
858347.079,369374337,355633512,0.42
858447.079,369374337,355633512,0.53
858547.079,369374337,355633512,0.57
858647.079,369374337,355633512,0.42
858747.079,369374337,355633512,0.28
858847.079,369374337,355633512,0.26
858947.079,369374335,355633514,0.35
859047.079,369374335,355633514,0.65
859147.079,369374335,355633513,0.76
859247.079,369374335,355633513,0.64
859347.079,369374335,355633513,0.45
859447.079,369374335,355633513,0.49
859547.079,369374335,355633513,0.61
859647.079,369374335,355633513,0.63
859747.079,369374335,355633513,0.46
859847.079,369374335,355633513,0.39
859947.079,369374334,355633511,0.37
860047.079,369374334,355633511,0.44
860147.079,369374334,355633511,0.58
860247.079,369374334,355633511,0.54
860347.079,369374335,355633512,0.33
860447.079,369374335,355633512,0.29
860547.079,369374335,355633511,0.32
860647.079,369374335,355633511,0.3
860747.079,369374335,355633511,0.31
860847.079,369374335,355633511,0.36
860947.079,369374335,355633509,0.36
861047.079,369374335,355633509,0.44
861147.079,369374335,355633509,0.54
861247.079,369374335,355633509,0.48
861347.079,369374335,355633509,0.25
861447.079,369374335,355633509,0.22
861547.079,369374335,355633509,0.37
861647.079,369374335,355633509,0.42
861747.079,369374335,355633509,0.33
861847.079,369374335,355633509,0.24
861947.079,369374336,355633508,0.22
862047.079,369374336,355633508,0.16
862147.079,369374335,355633507,0.12
862247.079,369374335,355633507,0.34
862347.079,369374335,355633508,0.33
862447.079,369374335,355633508,0.21
862547.079,369374335,355633507,0.47
862647.079,369374335,355633507,0.64
862747.079,369374335,355633507,0.53
862847.079,369374335,355633507,0.42
862947.079,369374335,355633506,0.37
863047.079,369374335,355633506,0.35
863147.079,369374335,355633507,0.41
863247.079,369374335,355633507,0.61
863347.079,369374335,355633507,0.95
863447.079,369374335,355633507,1.02
863547.079,369374335,355633506,0.91
863647.079,369374335,355633506,0.71
863747.079,369374335,355633507,0.63
863847.079,369374335,355633507,0.65
863947.079,369374335,355633507,0.72
864047.079,369374335,355633507,0.76
864147.079,369374335,355633507,0.69
864247.079,369374335,355633507,0.64
864347.079,369374335,355633507,0.6
864447.079,369374335,355633507,0.61
864547.079,369374335,355633507,0.63
864647.079,369374335,355633507,0.58
864747.079,369374335,355633507,0.5
864847.079,369374335,355633507,0.49
864947.079,369374336,355633508,0.55
865047.079,369374336,355633508,0.63
865147.079,369374335,355633508,0.47
865247.079,369374335,355633508,0.36
865347.079,369374336,355633508,0.43
865447.079,369374336,355633508,0.58
865547.079,369374335,355633508,0.62
865647.079,369374335,355633508,0.55
865747.079,369374336,355633508,0.58
865847.079,369374336,355633508,0.63
865947.079,369374335,355633507,0.62
866047.079,369374335,355633507,0.59
866147.079,369374335,355633506,0.69
866247.079,369374335,355633506,0.69
866347.079,369374335,355633507,0.52
866447.079,369374335,355633507,0.52
866547.079,369374335,355633507,0.72
866647.079,369374335,355633507,0.71
866747.079,369374335,355633507,0.56
866847.079,369374335,355633507,0.59
866947.079,369374336,355633506,0.67
867047.079,369374336,355633506,0.66
867147.079,369374336,355633506,0.69
867247.079,369374336,355633506,0.72
867347.079,369374336,355633506,0.67
867447.079,369374336,355633506,0.61
867547.079,369374336,355633506,0.63
867647.079,369374336,355633506,0.69
867747.079,369374336,355633506,0.69
867847.079,369374336,355633506,0.6
867947.079,369374336,355633505,0.52
868047.079,369374336,355633505,0.57
868147.079,369374336,355633504,0.79
868247.079,369374336,355633504,0.84
868347.079,369374336,355633504,0.69
868447.079,369374336,355633504,0.56
868547.079,369374335,355633505,0.39
868647.079,369374335,355633505,0.39
868747.079,369374336,355633505,0.54
868847.079,369374336,355633505,0.64
868947.079,369374337,355633506,0.67
869047.079,369374337,355633506,0.64
869147.079,369374337,355633507,0.6
869247.079,369374337,355633507,0.62
869347.079,369374337,355633506,0.72
869447.079,369374337,355633506,0.7
869547.079,369374337,355633506,0.56
869647.079,369374337,355633506,0.53
869747.079,369374337,355633506,0.61
869847.079,369374337,355633506,0.61
869947.079,369374337,355633504,0.5
870047.079,369374337,355633504,0.43
870147.079,369374337,355633504,0.43
870247.079,369374337,355633504,0.45
870347.079,369374337,355633504,0.49
870447.079,369374337,355633504,0.5
870547.079,369374336,355633503,0.44
870647.079,369374336,355633503,0.4
870747.079,369374337,355633504,0.44
870847.079,369374337,355633504,0.5
870947.079,369374337,355633502,0.57
871047.079,369374337,355633502,0.54
871147.079,369374337,355633502,0.46
871247.079,369374337,355633502,0.44
871347.079,369374336,355633502,0.48
871447.079,369374336,355633502,0.51
871547.079,369374337,355633502,0.53
871647.079,369374337,355633502,0.57
871747.079,369374337,355633501,0.58
871847.079,369374337,355633501,0.56
871947.079,369374337,355633500,0.55
872047.079,369374337,355633500,0.57
872147.079,369374337,355633500,0.6
872247.079,369374337,355633500,0.58
872347.079,369374337,355633501,0.56
872447.079,369374337,355633501,0.56
872547.079,369374337,355633500,0.58
872647.079,369374337,355633500,0.62
872747.079,369374338,355633500,0.63
872847.079,369374338,355633500,0.58
872947.079,369374338,355633499,0.49
873047.079,369374338,355633499,0.46
873147.079,369374338,355633499,0.5
873247.079,369374338,355633499,0.52
873347.079,369374337,355633499,0.46
873447.079,369374337,355633499,0.4
873547.079,369374337,355633499,0.37
873647.079,369374337,355633499,0.42
873747.079,369374337,355633499,0.49
873847.079,369374337,355633499,0.48
873947.079,369374336,355633499,0.43
874047.079,369374336,355633499,0.46
874147.079,369374336,355633499,0.57
874247.079,369374336,355633499,0.61
874347.079,369374335,355633500,0.57
874447.079,369374335,355633500,0.54
874547.079,369374336,355633499,0.54
874647.079,369374336,355633499,0.59
874747.079,369374336,355633499,0.61
874847.079,369374336,355633499,0.56
874947.079,369374334,355633500,0.44
875047.079,369374334,355633500,0.42
875147.079,369374334,355633500,0.54
875247.079,369374334,355633500,0.6
875347.079,369374334,355633500,0.6
875447.079,369374334,355633500,0.57
875547.079,369374334,355633500,0.54
875647.079,369374334,355633500,0.5
875747.079,369374334,355633500,0.46
875847.079,369374334,355633500,0.49
875947.079,369374333,355633498,0.49
876047.079,369374333,355633498,0.47
876147.079,369374334,355633498,0.49
876247.079,369374334,355633498,0.54
876347.079,369374334,355633498,0.56
876447.079,369374334,355633498,0.51
876547.079,369374333,355633498,0.44
876647.079,369374333,355633498,0.4
876747.079,369374333,355633498,0.43
876847.079,369374333,355633498,0.34
876947.079,369374333,355633498,0.26
877047.079,369374333,355633498,0.27
877147.079,369374332,355633498,0.32
877247.079,369374332,355633498,0.01999999999999999
877347.079,369374328,355633497,-0.49
877447.079,369374328,355633497,-1.16
877547.079,369374310,355633495,-1.47
877647.079,369374310,355633495,-1.41
877747.079,369374267,355633492,-1.09
877847.079,369374267,355633492,-0.49
877947.079,369374203,355633483,-0.19
878047.079,369374203,355633483,0.12
878147.079,369374123,355633461,0.86
878247.079,369374123,355633461,1.8
878347.079,369374026,355633427,3.92
878447.079,369374026,355633427,4.41
878547.079,369373913,355633379,3.73
878647.079,369373913,355633379,2.12
878747.079,369373790,355633315,1.9
878847.079,369373790,355633315,0.31999999999999995
878947.079,369373659,355633237,-0.01
879047.079,369373659,355633237,-0.36
879147.079,369373521,355633150,-2.29
879247.079,369373521,355633150,-0.3100000000000003
879347.079,369373379,355633056,-0.37
879447.079,369373379,355633056,-4.69
879547.079,369373227,355632958,-3.05
879647.079,369373227,355632958,0.22000000000000003
879747.079,369373069,355632855,-1
879847.079,369373069,355632855,-1.71
879947.079,369372905,355632746,-0.07000000000000006
880047.079,369372905,355632746,0.29
880147.079,369372735,355632635,-1.21
880247.079,369372735,355632635,0.81
880347.079,369372562,355632519,0.040000000000000036
880447.079,369372562,355632519,0.44
880547.079,369372384,355632402,-0.9200000000000002
880647.079,369372384,355632402,-1.1099999999999999
880747.079,369372205,355632282,0.6
880847.079,369372205,355632282,-11.04
880947.079,369372021,355632164,-20.21
881047.079,369372021,355632164,-18.53
881147.079,369371830,355632053,-12.04
881247.079,369371830,355632053,-10.42
881347.079,369371631,355631961,-12.76
881447.079,369371631,355631961,-20.36
881547.079,369371427,355631874,-23.76
881647.079,369371427,355631874,-20.47
881747.079,369371219,355631787,-16.72
881847.079,369371219,355631787,-22.33
881947.079,369371005,355631707,-22.53
882047.079,369371005,355631707,-19.47
882147.079,369370785,355631645,-20.32
882247.079,369370785,355631645,-14.61
882347.079,369370563,355631596,-11.96
882447.079,369370563,355631596,-12.88
882547.079,369370335,355631556,-12.77
882647.079,369370335,355631556,-13.22
882747.079,369370104,355631525,-15.06
882847.079,369370104,355631525,-12.36
882947.079,369369870,355631503,-10.22
883047.079,369369870,355631503,-11.01
883147.079,369369633,355631489,-9.16
883247.079,369369633,355631489,-11.17
883347.079,369369396,355631485,-9.39
883447.079,369369396,355631485,-6.94
883547.079,369369158,355631489,-11.87
883647.079,369369158,355631489,-10.15
883747.079,369368919,355631498,-6.37
883847.079,369368919,355631498,-5.7
883947.079,369368677,355631515,-7.18
884047.079,369368677,355631515,-11.99
884147.079,369368433,355631533,-11.11
884247.079,369368433,355631533,-5.88
884347.079,369368188,355631555,-3.15
884447.079,369368188,355631555,-3.57
884547.079,369367942,355631584,-1.4
884647.079,369367942,355631584,-1.35
884747.079,369367697,355631616,-0.30000000000000004
884847.079,369367697,355631616,-1.42
884947.079,369367454,355631651,-3.67
885047.079,369367454,355631651,-2.45
885147.079,369367213,355631687,-4.05
885247.079,369367213,355631687,-2.32
885347.079,369366974,355631726,-1.92
885447.079,369366974,355631726,-2.96
885547.079,369366737,355631770,-0.6499999999999999
885647.079,369366737,355631770,-1.89
885747.079,369366502,355631817,-1.1999999999999997
885847.079,369366502,355631817,-2.01
885947.079,369366267,355631868,-2.46
886047.079,369366267,355631868,-2.16
886147.079,369366032,355631916,-2.77
886247.079,369366032,355631916,-2.84
886347.079,369365796,355631966,-3.32
886447.079,369365796,355631966,-0.28
886547.079,369365561,355632019,0.32
886647.079,369365561,355632019,3.04
886747.079,369365326,355632074,2.63
886847.079,369365326,355632074,1.92
886947.079,369365092,355632127,1.97
887047.079,369365092,355632127,2.21
887147.079,369364858,355632180,2.89
887247.079,369364858,355632180,3.23
887347.079,369364621,355632236,3.33
887447.079,369364621,355632236,2.01
887547.079,369364382,355632293,0.85
887647.079,369364382,355632293,-0.67
887747.079,369364146,355632351,-2.21
887847.079,369364146,355632351,-0.29999999999999993
887947.079,369363911,355632410,-1.17
888047.079,369363911,355632410,-2.11
888147.079,369363675,355632472,-4.16
888247.079,369363675,355632472,-2.96
888347.079,369363439,355632534,-2.54
888447.079,369363439,355632534,-2.61
888547.079,369363206,355632602,-1.56
888647.079,369363206,355632602,-3.71
888747.079,369362977,355632671,-1.46
888847.079,369362977,355632671,-2.19
888947.079,369362751,355632744,-1.91
889047.079,369362751,355632744,-1.33
889147.079,369362526,355632816,-2.15
889247.079,369362526,355632816,0.91
889347.079,369362304,355632889,1.11
889447.079,369362304,355632889,2.68
889547.079,369362085,355632963,2.69
889647.079,369362085,355632963,2.72
889747.079,369361869,355633038,3.56
889847.079,369361869,355633038,2.43
889947.079,369361660,355633113,2.65
890047.079,369361660,355633113,1.2
890147.079,369361457,355633187,1.39
890247.079,369361457,355633187,0.71
890347.079,369361265,355633261,-0.09
890447.079,369361265,355633261,1.17
890547.079,369361081,355633335,-0.44000000000000006
890647.079,369361081,355633335,1.39
890747.079,369360907,355633410,-0.13000000000000012
890847.079,369360907,355633410,-0.33000000000000007
890947.079,369360742,355633485,0.88
891047.079,369360742,355633485,-0.47
891147.079,369360583,355633562,1.42
891247.079,369360583,355633562,-1.55
891347.079,369360432,355633639,-0.3600000000000001
891447.079,369360432,355633639,12.72
891547.079,369360282,355633719,23.73
891647.079,369360282,355633719,33.71
891747.079,369360140,355633789,30.34
891847.079,369360140,355633789,22.42
891947.079,369359999,355633828,20.58
892047.079,369359999,355633828,22.87
892147.079,369359861,355633851,24.71
892247.079,369359861,355633851,23.79
892347.079,369359725,355633858,22.72
892447.079,369359725,355633858,21.57
892547.079,369359592,355633855,22.19
892647.079,369359592,355633855,21.71
892747.079,369359461,355633846,21.68
892847.079,369359461,355633846,23.76
892947.079,369359334,355633824,19.51
893047.079,369359334,355633824,20.03
893147.079,369359212,355633785,23.77
893247.079,369359212,355633785,22.23
893347.079,369359096,355633728,21.03
893447.079,369359096,355633728,21.66
893547.079,369358988,355633650,22.24
893647.079,369358988,355633650,21.13
893747.079,369358890,355633557,21.1
893847.079,369358890,355633557,21.84
893947.079,369358799,355633445,21.65
894047.079,369358799,355633445,22.32
894147.079,369358717,355633320,23.09
894247.079,369358717,355633320,23.24
894347.079,369358643,355633181,24.26
894447.079,369358643,355633181,22.82
894547.079,369358581,355633023,24.77
894647.079,369358581,355633023,24.68
894747.079,369358528,355632855,23.67
894847.079,369358528,355632855,26.99
894947.079,369358490,355632670,24.83
895047.079,369358490,355632670,25.04
895147.079,369358466,355632472,25.57
895247.079,369358466,355632472,24.53
895347.079,369358455,355632265,23.94
895447.079,369358455,355632265,23.45
895547.079,369358457,355632048,24.37
895647.079,369358457,355632048,24.66
895747.079,369358474,355631822,24.53
895847.079,369358474,355631822,23.97
895947.079,369358505,355631588,24.04
896047.079,369358505,355631588,23.81
896147.079,369358547,355631351,23.35
896247.079,369358547,355631351,24.16
896347.079,369358603,355631108,23.92
896447.079,369358603,355631108,23.59
896547.079,369358674,355630858,23.05
896647.079,369358674,355630858,22.82
896747.079,369358759,355630605,23.01
896847.079,369358759,355630605,23.51
896947.079,369358860,355630346,23.9
897047.079,369358860,355630346,22.68
897147.079,369358976,355630084,20.4
897247.079,369358976,355630084,19.32
897347.079,369359107,355629823,19.46
897447.079,369359107,355629823,19.06
897547.079,369359248,355629562,18.73
897647.079,369359248,355629562,16.96
897747.079,369359399,355629300,16.76
897847.079,369359399,355629300,17.31
897947.079,369359563,355629037,17.22
898047.079,369359563,355629037,16.14
898147.079,369359742,355628778,15.31
898247.079,369359742,355628778,14.06
898347.079,369359933,355628520,14.99
898447.079,369359933,355628520,12.79
898547.079,369360129,355628265,12.04
898647.079,369360129,355628265,13.72
898747.079,369360332,355628015,13.13
898847.079,369360332,355628015,12.24
898947.079,369360544,355627765,10.69
899047.079,369360544,355627765,10.66
899147.079,369360766,355627521,10.96
899247.079,369360766,355627521,9.44
899347.079,369360991,355627279,9.15
899447.079,369360991,355627279,9.21
899547.079,369361222,355627040,8.28
899647.079,369361222,355627040,8.65
899747.079,369361457,355626806,8.29
899847.079,369361457,355626806,4.49
899947.079,369361695,355626575,4.09
900047.079,369361695,355626575,6.07
900147.079,369361940,355626349,6.65
900247.079,369361940,355626349,5.99
900347.079,369362187,355626127,5.49
900447.079,369362187,355626127,5.09
900547.079,369362436,355625906,5.03
900647.079,369362436,355625906,3.11
900747.079,369362688,355625688,3.47
900847.079,369362688,355625688,3.88
900947.079,369362941,355625469,2.85
901047.079,369362941,355625469,4.1
901147.079,369363195,355625256,3.4
901247.079,369363195,355625256,2.88
901347.079,369363450,355625046,3.05
901447.079,369363450,355625046,3.12
901547.079,369363707,355624839,4.15
901647.079,369363707,355624839,1.73
901747.079,369363966,355624635,1.36
901847.079,369363966,355624635,0.84
901947.079,369364227,355624428,0.82
902047.079,369364227,355624428,1.31
902147.079,369364486,355624226,1.68
902247.079,369364486,355624226,2
902347.079,369364745,355624025,0.81
902447.079,369364745,355624025,-0.36
902547.079,369365002,355623824,0.75
902647.079,369365002,355623824,1.42
902747.079,369365260,355623622,1.33
902847.079,369365260,355623622,2.48
902947.079,369365524,355623417,2.18
903047.079,369365524,355623417,1.65
903147.079,369365788,355623217,1.01
903247.079,369365788,355623217,0.07
903347.079,369366054,355623019,1.15
903447.079,369366054,355623019,2.04
903547.079,369366320,355622821,1.31
903647.079,369366320,355622821,0.71
903747.079,369366587,355622624,1.8
903847.079,369366587,355622624,1.51
903947.079,369366855,355622427,1.26
904047.079,369366855,355622427,0.73
904147.079,369367121,355622234,0.33
904247.079,369367121,355622234,0.45
904347.079,369367386,355622042,0.59
904447.079,369367386,355622042,0.03999999999999998
904547.079,369367650,355621850,0.47
904647.079,369367650,355621850,1.38
904747.079,369367913,355621662,0.67
904847.079,369367913,355621662,0.61
904947.079,369368178,355621472,0.96
905047.079,369368178,355621472,0.49
905147.079,369368441,355621288,-0.13
905247.079,369368441,355621288,-0.72
905347.079,369368705,355621106,-0.9
905447.079,369368705,355621106,-0.72
905547.079,369368967,355620924,-0.57
905647.079,369368967,355620924,-2.34
905747.079,369369228,355620742,-3.42
905847.079,369369228,355620742,0.5
905947.079,369369489,355620561,1.75
906047.079,369369489,355620561,0.62
906147.079,369369750,355620382,-0.58
906247.079,369369750,355620382,-2.13
906347.079,369370010,355620205,-0.96
906447.079,369370010,355620205,0.33
906547.079,369370269,355620029,0.20999999999999996
906647.079,369370269,355620029,-1.97
906747.079,369370527,355619853,-2.75
906847.079,369370527,355619853,-1.19
906947.079,369370784,355619671,-0.4
907047.079,369370784,355619671,0.43
907147.079,369371039,355619493,-0.07
907247.079,369371039,355619493,0.09
907347.079,369371296,355619318,-0.88
907447.079,369371296,355619318,-1.59
907547.079,369371553,355619144,-3.37
907647.079,369371553,355619144,-2.39
907747.079,369371809,355618970,-1.08
907847.079,369371809,355618970,-2.76
907947.079,369372064,355618790,-3.12
908047.079,369372064,355618790,-2.06
908147.079,369372315,355618612,-1.04
908247.079,369372315,355618612,0.21
908347.079,369372563,355618433,0.42
908447.079,369372563,355618433,-1.06
908547.079,369372812,355618252,-1.44
908647.079,369372812,355618252,-0.010000000000000009
908747.079,369373062,355618072,-0.78
908847.079,369373062,355618072,0.18999999999999995
908947.079,369373315,355617891,0.63
909047.079,369373315,355617891,-0.5
909147.079,369373567,355617714,-0.59
909247.079,369373567,355617714,-1.19
909347.079,369373819,355617535,-1.37
909447.079,369373819,355617535,-0.87
909547.079,369374069,355617357,0.3
909647.079,369374069,355617357,0.64
909747.079,369374319,355617178,-0.10000000000000003
909847.079,369374319,355617178,-0.12
909947.079,369374571,355616995,-0.23
910047.079,369374571,355616995,0.62
910147.079,369374821,355616816,0.10999999999999999
910247.079,369374821,355616816,-0.71
910347.079,369375072,355616637,-0.41000000000000003
910447.079,369375072,355616637,-0.08
910547.079,369375323,355616457,-0.08
910647.079,369375323,355616457,0.07
910747.079,369375575,355616276,-0.06
910847.079,369375575,355616276,-1.35
910947.079,369375830,355616090,-1.69
911047.079,369375830,355616090,-0.32999999999999996
911147.079,369376082,355615908,-0.03
911247.079,369376082,355615908,0.24
911347.079,369376334,355615728,0.14999999999999997
911447.079,369376334,355615728,-0.71
911547.079,369376585,355615548,-0.39
911647.079,369376585,355615548,-0.93
911747.079,369376834,355615369,-0.20999999999999996
911847.079,369376834,355615369,0.24
911947.079,369377084,355615189,0.59
912047.079,369377084,355615189,0.13
912147.079,369377331,355615014,-1.2800000000000002
912247.079,369377331,355615014,-0.63
912347.079,369377577,355614842,-0.1
912447.079,369377577,355614842,-0.31
912547.079,369377823,355614670,-0.39
912647.079,369377823,355614670,-0.67
912747.079,369378066,355614501,-0.3
912847.079,369378066,355614501,-0.68
912947.079,369378310,355614330,-1.45
913047.079,369378310,355614330,-1.35
913147.079,369378549,355614164,-0.56
913247.079,369378549,355614164,-1.06
913347.079,369378788,355614000,-1.39
913447.079,369378788,355614000,-1.35
913547.079,369379026,355613839,-1.63
913647.079,369379026,355613839,-1.62
913747.079,369379262,355613678,-2.1
913847.079,369379262,355613678,-2.53
913947.079,369379496,355613515,-2.87
914047.079,369379496,355613515,-3.27
914147.079,369379727,355613352,-2.19
914247.079,369379727,355613352,-1.55
914347.079,369379956,355613188,-1.81
914447.079,369379956,355613188,-1.33
914547.079,369380185,355613025,-1.37
914647.079,369380185,355613025,-1.6
914747.079,369380413,355612861,-1.72
914847.079,369380413,355612861,-1.35
914947.079,369380642,355612694,-0.78
915047.079,369380642,355612694,0.19
915147.079,369380870,355612530,-1.22
915247.079,369380870,355612530,0.030000000000000027
915347.079,369381097,355612369,0.83
915447.079,369381097,355612369,-1.48
915547.079,369381324,355612206,-1.26
915647.079,369381324,355612206,-1.32
915747.079,369381549,355612043,-0.22999999999999998
915847.079,369381549,355612043,-0.66
915947.079,369381777,355611876,-1.54
916047.079,369381777,355611876,-0.33
916147.079,369382002,355611712,-1.03
916247.079,369382002,355611712,-0.81
916347.079,369382227,355611548,-1.27
916447.079,369382227,355611548,-0.55
916547.079,369382451,355611383,-0.1
916647.079,369382451,355611383,-0.13
916747.079,369382674,355611218,0.19999999999999998
916847.079,369382674,355611218,0.57
916947.079,369382898,355611051,-0.5099999999999999
917047.079,369382898,355611051,-0.04999999999999999
917147.079,369383121,355610887,-0.45000000000000007
917247.079,369383121,355610887,-0.53
917347.079,369383346,355610724,-0.52
917447.079,369383346,355610724,-1.81
917547.079,369383571,355610561,-1.19
917647.079,369383571,355610561,-0.44
917747.079,369383796,355610398,-1.22
917847.079,369383796,355610398,-1.29
917947.079,369384020,355610231,-1.33
918047.079,369384020,355610231,-0.65
918147.079,369384241,355610067,0.52
918247.079,369384241,355610067,0.08999999999999997
918347.079,369384462,355609902,0.51
918447.079,369384462,355609902,-0.5399999999999999
918547.079,369384684,355609738,-1.59
918647.079,369384684,355609738,-1.1
918747.079,369384905,355609575,-2.15
918847.079,369384905,355609575,-1.32
918947.079,369385128,355609411,-1.19
919047.079,369385128,355609411,-2.07
919147.079,369385349,355609248,-1.78
919247.079,369385349,355609248,-2.61
919347.079,369385570,355609083,-2.4
919447.079,369385570,355609083,-0.8799999999999999
919547.079,369385791,355608918,4.34
919647.079,369385791,355608918,11.5
919747.079,369386015,355608754,9.05
919847.079,369386015,355608754,6.65
919947.079,369386244,355608593,7.7
920047.079,369386244,355608593,7.49
920147.079,369386478,355608435,7.02
920247.079,369386478,355608435,5.76
920347.079,369386715,355608279,5.36
920447.079,369386715,355608279,4.46
920547.079,369386955,355608124,5.36
920647.079,369386955,355608124,8.18
920747.079,369387200,355607971,7.89
920847.079,369387200,355607971,7.03
920947.079,369387450,355607819,6.02
921047.079,369387450,355607819,5.83
921147.079,369387703,355607671,5.29
921247.079,369387703,355607671,5.18
921347.079,369387961,355607525,5.26
921447.079,369387961,355607525,4.58
921547.079,369388222,355607383,3.88
921647.079,369388222,355607383,4.49
921747.079,369388486,355607242,4.86
921847.079,369388486,355607242,4.68
921947.079,369388753,355607101,4.64
922047.079,369388753,355607101,4.05
922147.079,369389022,355606963,3.94
922247.079,369389022,355606963,4.32
922347.079,369389293,355606827,4.42
922447.079,369389293,355606827,3.65
922547.079,369389566,355606692,3.54
922647.079,369389566,355606692,3.4
922747.079,369389840,355606559,3
922847.079,369389840,355606559,2.59
922947.079,369390118,355606425,2.84
923047.079,369390118,355606425,3.21
923147.079,369390395,355606296,2.79
923247.079,369390395,355606296,2.13
923347.079,369390675,355606169,1.84
923447.079,369390675,355606169,1.27
923547.079,369390955,355606043,1.66
923647.079,369390955,355606043,1.83
923747.079,369391237,355605917,1.48
923847.079,369391237,355605917,1.96
923947.079,369391519,355605791,1.95
924047.079,369391519,355605791,1.27
924147.079,369391802,355605668,1.59
924247.079,369391802,355605668,2.28
924347.079,369392086,355605546,2.16
924447.079,369392086,355605546,1.45
924547.079,369392370,355605426,1.46
924647.079,369392370,355605426,0.75
924747.079,369392654,355605306,0.18
924847.079,369392654,355605306,-0.2
924947.079,369392941,355605184,-0.34
925047.079,369392941,355605184,0.58
925147.079,369393227,355605064,0.65
925247.079,369393227,355605064,0.33
925347.079,369393513,355604945,0.41
925447.079,369393513,355604945,0
925547.079,369393801,355604826,0.11000000000000001
925647.079,369393801,355604826,0.84
925747.079,369394089,355604706,0.54
925847.079,369394089,355604706,-0.11
925947.079,369394380,355604583,-0.06
926047.079,369394380,355604583,0.19
926147.079,369394669,355604463,0.58
926247.079,369394669,355604463,0.83
926347.079,369394959,355604342,0.38
926447.079,369394959,355604342,0.7
926547.079,369395250,355604221,0.21999999999999997
926647.079,369395250,355604221,-0.18
926747.079,369395541,355604102,-0.25
926847.079,369395541,355604102,0.59
926947.079,369395835,355603980,0.08000000000000002
927047.079,369395835,355603980,0.01999999999999999
927147.079,369396128,355603861,0.56
927247.079,369396128,355603861,-0.19
927347.079,369396421,355603741,-0.98
927447.079,369396421,355603741,-0.57
927547.079,369396715,355603621,-0.44
927647.079,369396715,355603621,-0.5
927747.079,369397007,355603500,-0.98
927847.079,369397007,355603500,-10.22
927947.079,369397297,355603374,-21.46
928047.079,369397297,355603374,-38.41
928147.079,369397576,355603240,-44.43
928247.079,369397576,355603240,-43.15
928347.079,369397829,355603078,-41.6
928447.079,369397829,355603078,-40.45
928547.079,369398046,355602887,-39.55
928647.079,369398046,355602887,-39.44
928747.079,369398245,355602683,-40.17
928847.079,369398245,355602683,-39.24
928947.079,369398430,355602467,-38.65
929047.079,369398430,355602467,-38.62
929147.079,369398590,355602239,-38.1
929247.079,369398590,355602239,-38.07
929347.079,369398719,355602003,-38.36
929447.079,369398719,355602003,-37.02
929547.079,369398822,355601763,-35.91
929647.079,369398822,355601763,-34.97
929747.079,369398901,355601521,-34.27
929847.079,369398901,355601521,-32.71
929947.079,369398964,355601276,-32.34
930047.079,369398964,355601276,-32.92
930147.079,369399006,355601035,-32.26
930247.079,369399006,355601035,-31.57
930347.079,369399025,355600803,-31.81
930447.079,369399025,355600803,-32.3
930547.079,369399022,355600577,-30.12
930647.079,369399022,355600577,-30.77
930747.079,369398997,355600365,-30.37
930847.079,369398997,355600365,-26.48
930947.079,369398958,355600162,-25.9
931047.079,369398958,355600162,-26.22
931147.079,369398900,355599974,-24.04
931247.079,369398900,355599974,-22.29
931347.079,369398828,355599803,-21.55
931447.079,369398828,355599803,-20.4
931547.079,369398748,355599640,-20.15
931647.079,369398748,355599640,-20.89
931747.079,369398660,355599489,-20.76
931847.079,369398660,355599489,-19.52
931947.079,369398566,355599344,-20.33
932047.079,369398566,355599344,-19.68
932147.079,369398465,355599208,-18.32
932247.079,369398465,355599208,-18.01
932347.079,369398357,355599082,-17.62
932447.079,369398357,355599082,-18.47
932547.079,369398244,355598966,-18.26
932647.079,369398244,355598966,-17.21
932747.079,369398123,355598860,-16.57
932847.079,369398123,355598860,-16.2
932947.079,369397993,355598770,-15.34
933047.079,369397993,355598770,-13.92
933147.079,369397858,355598690,-13.55
933247.079,369397858,355598690,-12.76
933347.079,369397718,355598622,-12.24
933447.079,369397718,355598622,-11.11
933547.079,369397575,355598562,-10.3
933647.079,369397575,355598562,-10.11
933747.079,369397429,355598508,-10.44
933847.079,369397429,355598508,-10
933947.079,369397280,355598462,-10.18
934047.079,369397280,355598462,-9.18
934147.079,369397128,355598423,-6.9
934247.079,369397128,355598423,-6.26
934347.079,369396972,355598392,-5.76
934447.079,369396972,355598392,-5.13
934547.079,369396816,355598364,-5.12
934647.079,369396816,355598364,-4.44
934747.079,369396659,355598340,-4.03
934847.079,369396659,355598340,-3.83
934947.079,369396503,355598318,-3.69
935047.079,369396503,355598318,-3.12
935147.079,369396346,355598299,-2.5
935247.079,369396346,355598299,-1.12
935347.079,369396191,355598282,-1.58
935447.079,369396191,355598282,-1.64
935547.079,369396037,355598269,-2.27
935647.079,369396037,355598269,-2.01
935747.079,369395882,355598261,-0.62
935847.079,369395882,355598261,0.19
935947.079,369395730,355598258,0.64
936047.079,369395730,355598258,3.81
936147.079,369395580,355598252,3.58
936247.079,369395580,355598252,0.20999999999999985
936347.079,369395433,355598244,0.3
936447.079,369395433,355598244,-0.48
936547.079,369395290,355598236,-0.7
936647.079,369395290,355598236,0.18
936747.079,369395148,355598230,0.33
936847.079,369395148,355598230,0.85
936947.079,369395008,355598227,1.11
937047.079,369395008,355598227,1.91
937147.079,369394869,355598225,2.13
937247.079,369394869,355598225,1.3
937347.079,369394731,355598223,1.27
937447.079,369394731,355598223,3.59
937547.079,369394595,355598220,3.56
937647.079,369394595,355598220,1.61
937747.079,369394462,355598216,1.9
937847.079,369394462,355598216,2.03
937947.079,369394330,355598212,1.81
938047.079,369394330,355598212,2.65
938147.079,369394201,355598208,2.7
938247.079,369394201,355598208,2.37
938347.079,369394073,355598203,2.97
938447.079,369394073,355598203,2.78
938547.079,369393947,355598198,2.64
938647.079,369393947,355598198,2.64
938747.079,369393823,355598191,2.33
938847.079,369393823,355598191,2.3
938947.079,369393702,355598185,2.69
939047.079,369393702,355598185,3.34
939147.079,369393582,355598176,2.82
939247.079,369393582,355598176,2.79
939347.079,369393464,355598167,2.84
939447.079,369393348,355598157,2.73
939547.079,369393348,355598157,3.4
939647.079,369393348,355598157,2.67
939747.079,369393233,355598146,2.59
939847.079,369393233,355598146,3.17
939947.079,369393120,355598133,2.83
940047.079,369393120,355598133,3.13
940147.079,369393008,355598119,2.91
940247.079,369393008,355598119,2.52
940347.079,369392896,355598103,2.89
940447.079,369392896,355598103,2.91
940547.079,369392786,355598086,2.88
940647.079,369392786,355598086,3.45
940747.079,369392677,355598067,3.3
940847.079,369392569,355598048,3
940947.079,369392569,355598048,3.07
941047.079,369392569,355598048,2.79
941147.079,369392462,355598025,2.34
941247.079,369392462,355598025,2.09
941347.079,369392356,355598001,2.16
941447.079,369392356,355598001,2.32
941547.079,369392251,355597975,2.57
941647.079,369392251,355597975,2.54
941747.079,369392146,355597948,2.33
941847.079,369392146,355597948,2.11
941947.079,369392041,355597919,2.43
942047.079,369392041,355597919,2.02
942147.079,369391938,355597889,1.8
942247.079,369391938,355597889,2.2
942347.079,369391834,355597857,2.19
942447.079,369391834,355597857,2.09
942547.079,369391732,355597823,2.05
942647.079,369391732,355597823,1.51
942747.079,369391629,355597788,1.24
942847.079,369391629,355597788,1.47
942947.079,369391527,355597751,1.35
943047.079,369391527,355597751,1.33
943147.079,369391425,355597712,1.43
943247.079,369391425,355597712,1.08
943347.079,369391323,355597673,1.19
943447.079,369391323,355597673,1.29
943547.079,369391221,355597632,0.88
943647.079,369391221,355597632,0.93
943747.079,369391120,355597590,1.18
943847.079,369391120,355597590,0.8
943947.079,369391018,355597547,0.84
944047.079,369391018,355597547,0.4
944147.079,369390917,355597503,0.4
944247.079,369390917,355597503,0.76
944347.079,369390816,355597459,0.45
944447.079,369390816,355597459,0.61
944547.079,369390716,355597413,0.65
944647.079,369390716,355597413,0.12
944747.079,369390615,355597368,-0.10999999999999999
944847.079,369390615,355597368,0.17
944947.079,369390515,355597324,0.39
945047.079,369390515,355597324,0.68
945147.079,369390416,355597278,0.26
945247.079,369390416,355597278,-0.06
945347.079,369390317,355597231,0.23
945447.079,369390317,355597231,0.07
945547.079,369390218,355597184,0.12
945647.079,369390218,355597184,0.22
945747.079,369390118,355597137,0.23
945847.079,369390118,355597137,0.2
945947.079,369390019,355597089,0.34
946047.079,369390019,355597089,0.34
946147.079,369389919,355597042,-0.01999999999999999
946247.079,369389919,355597042,0.07
946347.079,369389819,355596993,0.05
946447.079,369389819,355596993,-0.25
946547.079,369389719,355596943,-0.21
946647.079,369389719,355596943,-0.33
946747.079,369389619,355596893,-0.6
946847.079,369389619,355596893,-0.48
946947.079,369389518,355596842,-0.31
947047.079,369389518,355596842,-0.62
947147.079,369389417,355596792,-0.81
947247.079,369389417,355596792,-0.49
947347.079,369389316,355596741,-0.42
947447.079,369389316,355596741,-0.69
947547.079,369389215,355596691,-0.62
947647.079,369389215,355596691,-0.49
947747.079,369389114,355596641,-0.61
947847.079,369389114,355596641,-0.51
947947.079,369389013,355596590,-0.54
948047.079,369389013,355596590,-0.54
948147.079,369388912,355596542,-0.5
948247.079,369388912,355596542,-0.45
948347.079,369388810,355596492,-0.43
948447.079,369388810,355596492,-0.57
948547.079,369388709,355596445,-0.81
948647.079,369388709,355596445,-0.67
948747.079,369388608,355596397,-0.77
948847.079,369388608,355596397,-0.54
948947.079,369388507,355596349,-0.17
949047.079,369388507,355596349,-0.79
949147.079,369388407,355596303,-1.2
949247.079,369388407,355596303,-1.02
949347.079,369388306,355596257,-1.07
949447.079,369388306,355596257,-1.55
949547.079,369388206,355596211,-0.040000000000000036
949647.079,369388206,355596211,-0.65
949747.079,369388107,355596163,-0.88
949847.079,369388107,355596163,-0.48
949947.079,369388007,355596113,-1.71
950047.079,369388007,355596113,-2.15
950147.079,369387905,355596065,-1.88
950247.079,369387905,355596065,0.11999999999999988
950347.079,369387802,355596017,7.880000000000001
950447.079,369387802,355596017,23.88
950547.079,369387701,355595966,27.82
950647.079,369387701,355595966,21.03
950747.079,369387607,355595899,17.26
950847.079,369387607,355595899,16.97
950947.079,369387521,355595814,17.13
951047.079,369387521,355595814,19.35
951147.079,369387442,355595718,20.79
951247.079,369387442,355595718,20.92
951347.079,369387371,355595610,19.62
951447.079,369387371,355595610,18.66
951547.079,369387310,355595489,19.2
951647.079,369387310,355595489,20.34
951747.079,369387259,355595356,20.74
951847.079,369387259,355595356,20.42
951947.079,369387216,355595213,19.9
952047.079,369387216,355595213,20.1
952147.079,369387183,355595059,20.86
952247.079,369387183,355595059,20.35
952347.079,369387160,355594896,20.53
952447.079,369387160,355594896,22.01
952547.079,369387148,355594723,22.11
952647.079,369387148,355594723,23.4
952747.079,369387148,355594539,23.28
952847.079,369387148,355594539,24.5
952947.079,369387167,355594345,24.88
953047.079,369387167,355594345,24.15
953147.079,369387198,355594146,24.25
953247.079,369387198,355594146,25.42
953347.079,369387244,355593940,24.72
953447.079,369387244,355593940,25.15
953547.079,369387306,355593729,25.76
953647.079,369387306,355593729,26.4
953747.079,369387383,355593513,27.61
953847.079,369387383,355593513,28.63
953947.079,369387476,355593295,28.71
954047.079,369387476,355593295,27.05
954147.079,369387582,355593077,27.11
954247.079,369387582,355593077,28.76
954347.079,369387707,355592858,29.66
954447.079,369387707,355592858,28.88
954547.079,369387853,355592643,28.02
954647.079,369387853,355592643,27.24
954747.079,369388020,355592434,26.68
954847.079,369388020,355592434,26.86
954947.079,369388209,355592233,27.61
955047.079,369388209,355592233,26.44
955147.079,369388415,355592039,25.28
955247.079,369388415,355592039,25.18
955347.079,369388639,355591856,23.83
955447.079,369388639,355591856,24.31
955547.079,369388877,355591681,23.99
955647.079,369388877,355591681,22.53
955747.079,369389128,355591516,23.78
955847.079,369389128,355591516,22.51
955947.079,369389390,355591361,21.84
956047.079,369389390,355591361,20.62
956147.079,369389661,355591212,19.43
956247.079,369389661,355591212,19.61
956347.079,369389942,355591075,18.84
956447.079,369389942,355591075,18.08
956547.079,369390233,355590950,17.44
956647.079,369390233,355590950,15.69
956747.079,369390532,355590836,14.69
956847.079,369390532,355590836,13.87
956947.079,369390838,355590731,13.59
957047.079,369390838,355590731,12.45
957147.079,369391147,355590634,11.43
957247.079,369391147,355590634,10.05
957347.079,369391459,355590544,9.6
957447.079,369391459,355590544,9.74
957547.079,369391775,355590462,8.23
957647.079,369391775,355590462,6.66
957747.079,369392094,355590385,7.13
957847.079,369392094,355590385,6.75
957947.079,369392415,355590312,6.45
958047.079,369392415,355590312,4.83
958147.079,369392738,355590245,3.07
958247.079,369392738,355590245,3.27
958347.079,369393062,355590183,3.33
958447.079,369393062,355590183,2.82
958547.079,369393386,355590123,2.92
958647.079,369393386,355590123,2.3
958747.079,369393710,355590066,1.53
958847.079,369393710,355590066,1.21
958947.079,369394035,355590009,1.15
959047.079,369394035,355590009,0.87
959147.079,369394360,355589954,0.48
959247.079,369394360,355589954,-0.05
959347.079,369394684,355589899,-0.31
959447.079,369394684,355589899,-1.05
959547.079,369395009,355589846,-1.33
959647.079,369395009,355589846,-1.3
959747.079,369395333,355589793,-1.99
959847.079,369395333,355589793,-2.51
959947.079,369395656,355589740,-2.3
960047.079,369395656,355589740,-2.58
960147.079,369395979,355589687,-2.92
960247.079,369395979,355589687,-3.08
960347.079,369396300,355589632,-2.78
960447.079,369396300,355589632,-2.56
960547.079,369396620,355589577,-3.06
960647.079,369396620,355589577,-3.02
960747.079,369396940,355589520,-3.08
960847.079,369396940,355589520,-3.59
960947.079,369397257,355589461,-3.33
961047.079,369397257,355589461,-3.4
961147.079,369397574,355589400,-3.5
961247.079,369397574,355589400,-3.68
961347.079,369397890,355589339,-4.17
961447.079,369397890,355589339,-4.46
961547.079,369398205,355589275,-4.69
961647.079,369398205,355589275,-4.97
961747.079,369398518,355589211,-5.21
961847.079,369398518,355589211,-5.21
961947.079,369398830,355589143,-4.71
962047.079,369398830,355589143,-4.27
962147.079,369399140,355589073,-4.71
962247.079,369399140,355589073,-4.85
962347.079,369399448,355589000,-4.21
962447.079,369399448,355589000,-3.92
962547.079,369399755,355588925,-3.92
962647.079,369399755,355588925,-3.91
962747.079,369400060,355588848,-4.01
962847.079,369400060,355588848,-4.13
962947.079,369400365,355588769,-4.39
963047.079,369400365,355588769,-4.8
963147.079,369400667,355588688,-4.67
963247.079,369400667,355588688,-4.11
963347.079,369400969,355588604,-3.86
963447.079,369400969,355588604,-3.76
963547.079,369401269,355588517,-3.92
963647.079,369401269,355588517,-4.27
963747.079,369401569,355588430,-4.11
963847.079,369401569,355588430,-3.82
963947.079,369401868,355588340,-3.68
964047.079,369401868,355588340,-3.72
964147.079,369402165,355588246,-4.12
964247.079,369402165,355588246,-4.28
964347.079,369402459,355588150,-4.21
964447.079,369402459,355588150,-3.77
964547.079,369402752,355588052,-3.34
964647.079,369402752,355588052,-3.01
964747.079,369403045,355587952,-3.01
964847.079,369403045,355587952,-2.96
964947.079,369403337,355587851,-2.88
965047.079,369403337,355587851,-3.49
965147.079,369403629,355587748,-4.1
965247.079,369403629,355587748,-4.63
965347.079,369403919,355587642,-3.94
965447.079,369403919,355587642,-1.91
965547.079,369404210,355587534,-1.81
965647.079,369404210,355587534,-2
965747.079,369404498,355587425,-2.02
965847.079,369404498,355587425,-2.85
965947.079,369404787,355587314,-2.76
966047.079,369404787,355587314,-2.18
966147.079,369405076,355587202,-2.12
966247.079,369405076,355587202,-2.09
966347.079,369405365,355587088,-2.06
966447.079,369405365,355587088,-1.99
966547.079,369405653,355586973,-1.79
966647.079,369405653,355586973,-1.52
966747.079,369405941,355586856,-1.43
966847.079,369405941,355586856,-1.09
966947.079,369406229,355586739,-1.58
967047.079,369406229,355586739,-2.08
967147.079,369406517,355586619,-1.81
967247.079,369406517,355586619,-1.95
967347.079,369406805,355586498,-1.35
967447.079,369406805,355586498,-0.68
967547.079,369407093,355586376,-1.38
967647.079,369407093,355586376,-2.04
967747.079,369407380,355586253,-2.02
967847.079,369407380,355586253,-1.49
967947.079,369407665,355586128,-1.15
968047.079,369407951,355586002,-1.05
968147.079,369407951,355586002,-1.31
968247.079,369407951,355586002,-1.81
968347.079,369408237,355585875,-1.5
968447.079,369408237,355585875,0.030000000000000027
968547.079,369408522,355585748,7.529999999999999
968647.079,369408522,355585748,26.24
968747.079,369408811,355585626,37.45
968847.079,369408811,355585626,49.46
968947.079,369409113,355585527,49.38
969047.079,369409113,355585527,44.82
969147.079,369409435,355585465,45.29
969247.079,369409435,355585465,45.73
969347.079,369409779,355585457,45.04
969447.079,369410138,355585498,45.35
969547.079,369410138,355585498,45.16
969647.079,369410138,355585498,44.02
969747.079,369410502,355585575,44.69
969847.079,369410502,355585575,44.51
969947.079,369410869,355585700,43.98
970047.079,369410869,355585700,43.08
970147.079,369411234,355585858,41.48
970247.079,369411596,355586049,41.16
970347.079,369411596,355586049,42.42
970447.079,369411952,355586269,43.52
970547.079,369411952,355586269,43.49
970647.079,369411952,355586269,45.14
970747.079,369412292,355586533,45.58
970847.079,369412605,355586843,44.73
970947.079,369412605,355586843,44.61
971047.079,369412887,355587194,44.67
971147.079,369412887,355587194,44.16
971247.079,369413144,355587571,43.44
971347.079,369413144,355587571,44.15
971447.079,369413377,355587967,43.9
971547.079,369413377,355587967,43.69
971647.079,369413377,355587967,44.34
971747.079,369413588,355588379,43.93
971847.079,369413588,355588379,44.02
971947.079,369413772,355588807,45.09
972047.079,369413920,355589249,45.71
972147.079,369413920,355589249,45.28
972247.079,369413920,355589249,45.22
972347.079,369414025,355589698,45.02
972447.079,369414092,355590148,45.67
972547.079,369414092,355590148,45.86
972647.079,369414092,355590148,44.95
972747.079,369414123,355590592,44.58
972847.079,369414123,355590592,44.55
972947.079,369414122,355591025,44.85
973047.079,369414122,355591025,45.51
973147.079,369414082,355591445,44.68
973247.079,369414004,355591843,42.83
973347.079,369414004,355591843,43.59
973447.079,369413893,355592213,44.25
973547.079,369413893,355592213,42.57
973647.079,369413893,355592213,40.66
973747.079,369413758,355592556,40.14
973847.079,369413606,355592874,35.45
973947.079,369413606,355592874,33.43
974047.079,369413447,355593182,34
974147.079,369413447,355593182,35.42
974247.079,369413282,355593478,36.57
974347.079,369413282,355593478,34.54
974447.079,369413282,355593478,33.13
974547.079,369413106,355593755,33.14
974647.079,369413106,355593755,32.08
974747.079,369412921,355594010,30.58
974847.079,369412729,355594241,28.33
974947.079,369412729,355594241,26.9
975047.079,369412529,355594444,26.41
975147.079,369412529,355594444,25.42
975247.079,369412326,355594616,23.31
975347.079,369412326,355594616,21.09
975447.079,369412124,355594768,17.65
975547.079,369412124,355594768,16.22
975647.079,369412124,355594768,14.72
975747.079,369411922,355594908,14.39
975847.079,369411922,355594908,15.56
975947.079,369411721,355595034,14.86
976047.079,369411721,355595034,13.52
976147.079,369411521,355595147,12.42
976247.079,369411323,355595250,10.61
976347.079,369411323,355595250,9.91
976447.079,369411323,355595250,9.78
976547.079,369411127,355595349,8.82
976647.079,369411127,355595349,9.06
976747.079,369410933,355595443,9.55
976847.079,369410933,355595443,9.12
976947.079,369410741,355595527,8.54
977047.079,369410741,355595527,7.16
977147.079,369410550,355595605,6.96
977247.079,369410550,355595605,6.4
977347.079,369410364,355595677,6.85
977447.079,369410364,355595677,7.06
977547.079,369410179,355595744,6.49
977647.079,369410179,355595744,5.62
977747.079,369409997,355595807,5.36
977847.079,369409997,355595807,5.38
977947.079,369409819,355595865,5.43
978047.079,369409644,355595921,4.54
978147.079,369409644,355595921,4.78
978247.079,369409470,355595974,5.01
978347.079,369409470,355595974,4.61
978447.079,369409301,355596024,4.69
978547.079,369409301,355596024,4.64
978647.079,369409301,355596024,5.71
978747.079,369409135,355596071,4.71
978847.079,369408974,355596115,2.13
978947.079,369408974,355596115,3.58
979047.079,369408974,355596115,4.28
979147.079,369408817,355596157,3.55
979247.079,369408817,355596157,3.45
979347.079,369408662,355596196,2.83
979447.079,369408662,355596196,3.1
979547.079,369408510,355596234,3.39
979647.079,369408510,355596234,1.63
979747.079,369408361,355596272,2.34
979847.079,369408361,355596272,4.33
979947.079,369408215,355596306,2.9
980047.079,369408215,355596306,3.19
980147.079,369408072,355596339,3.59
980247.079,369407930,355596371,2.64
980347.079,369407930,355596371,2.62
980447.079,369407930,355596371,2.18
980547.079,369407791,355596400,2.47
980647.079,369407791,355596400,2.18
980747.079,369407653,355596429,1.8
980847.079,369407653,355596429,2.3
980947.079,369407519,355596455,2.28
981047.079,369407519,355596455,1.79
981147.079,369407385,355596481,1.7
981247.079,369407385,355596481,1.58
981347.079,369407253,355596506,2
981447.079,369407124,355596530,1.49
981547.079,369407124,355596530,0.73
981647.079,369407124,355596530,1.84
981747.079,369406994,355596552,1.94
981847.079,369406994,355596552,0.91
981947.079,369406865,355596573,1.2
982047.079,369406737,355596596,1.05
982147.079,369406737,355596596,0.39
982247.079,369406737,355596596,0.27
982347.079,369406609,355596616,-0.49
982447.079,369406609,355596616,-1.91
982547.079,369406481,355596638,-2.17
982647.079,369406481,355596638,-2.95
982747.079,369406352,355596659,-2.97
982847.079,369406223,355596680,-3.13
982947.079,369406223,355596680,-3
983047.079,369406093,355596704,-3.81
983147.079,369406093,355596704,-5.16
983247.079,369405963,355596730,-5.42
983347.079,369405963,355596730,-4.05
983447.079,369405830,355596762,-3.48
983547.079,369405830,355596762,-3.87
983647.079,369405830,355596762,-6.04
983747.079,369405695,355596798,-7.24
983847.079,369405559,355596838,-8.06
983947.079,369405559,355596838,-8.3
984047.079,369405423,355596885,-8.7
984147.079,369405423,355596885,-8.62
984247.079,369405285,355596937,-8.65
984347.079,369405285,355596937,-8.9
984447.079,369405149,355596994,-9.68
984547.079,369405149,355596994,-9.34
984647.079,369405149,355596994,-8.7
984747.079,369405012,355597058,-9.07
984847.079,369405012,355597058,-8.61
984947.079,369404873,355597127,-8.07
985047.079,369404734,355597203,-7.97
985147.079,369404734,355597203,-8.27
985247.079,369404594,355597286,-8.51
985347.079,369404594,355597286,-9.6
985447.079,369404594,355597286,-9.92
985547.079,369404453,355597375,-9
985647.079,369404453,355597375,-9.85
985747.079,369404310,355597471,-9.76
985847.079,369404167,355597573,-9.83
985947.079,369404167,355597573,-10.25
986047.079,369404023,355597681,-9.72
986147.079,369404023,355597681,-9.58
986247.079,369403878,355597796,-9.72
986347.079,369403878,355597796,-9.64
986447.079,369403878,355597796,-9.07
986547.079,369403733,355597918,-9.59
986647.079,369403733,355597918,-10.21
986747.079,369403587,355598050,-9.71
986847.079,369403440,355598190,-9.26
986947.079,369403440,355598190,-9.08
987047.079,369403294,355598336,-8.45
987147.079,369403294,355598336,-7.88
987247.079,369403149,355598488,-8.51
987347.079,369403149,355598488,-8.82
987447.079,369403003,355598648,-8.15
987547.079,369403003,355598648,-8.16
987647.079,369403003,355598648,-6.51
987747.079,369402860,355598810,1.7800000000000002
987847.079,369402716,355598971,16.1
987947.079,369402716,355598971,17.12
988047.079,369402574,355599123,12
988147.079,369402574,355599123,11.55
988247.079,369402431,355599269,11.47
988347.079,369402431,355599269,12.22
988447.079,369402288,355599408,12.37
988547.079,369402288,355599408,12.15
988647.079,369402288,355599408,11.8
988747.079,369402145,355599539,12.14
988847.079,369402001,355599661,11.48
988947.079,369402001,355599661,12.13
989047.079,369401858,355599771,12.16
989147.079,369401858,355599771,11.39
989247.079,369401714,355599872,10.54
989347.079,369401714,355599872,9.3
989447.079,369401570,355599966,8.98
989547.079,369401570,355599966,8.94
989647.079,369401570,355599966,9.12
989747.079,369401425,355600053,9.5
989847.079,369401279,355600132,9.67
989947.079,369401279,355600132,8.15
990047.079,369401134,355600205,7.39
990147.079,369401134,355600205,8.81
990247.079,369400987,355600273,9.46
990347.079,369400987,355600273,8.45
990447.079,369400841,355600335,7.53
990547.079,369400841,355600335,8.47
990647.079,369400694,355600390,10.37
990747.079,369400694,355600390,9.71
990847.079,369400694,355600390,8.94
990947.079,369400546,355600440,8.82
991047.079,369400398,355600481,8.06
991147.079,369400398,355600481,7.63
991247.079,369400249,355600516,8.92
991347.079,369400249,355600516,8.38
991447.079,369400100,355600544,5.83
991547.079,369400100,355600544,5.3
991647.079,369400100,355600544,5.86
991747.079,369399950,355600566,6.38
991847.079,369399800,355600582,7.45
991947.079,369399800,355600582,6.93
992047.079,369399650,355600592,6.68
992147.079,369399650,355600592,6.67
992247.079,369399499,355600596,6.45
992347.079,369399499,355600596,6.11
992447.079,369399348,355600595,6.24
992547.079,369399348,355600595,6.49
992647.079,369399348,355600595,6.2
992747.079,369399196,355600590,6.44
992847.079,369399046,355600582,5.82
992947.079,369399046,355600582,5.48
993047.079,369398897,355600572,5.12
993147.079,369398897,355600572,4.84
993247.079,369398749,355600555,5.42
993347.079,369398749,355600555,5.63
993447.079,369398603,355600534,4.02
993547.079,369398603,355600534,4.41
993647.079,369398603,355600534,5.18
993747.079,369398459,355600509,4.83
993847.079,369398315,355600481,4.73
993947.079,369398315,355600481,4.64
994047.079,369398173,355600452,4.08
994147.079,369398173,355600452,2.8
994247.079,369398030,355600420,3.32
994347.079,369398030,355600420,4.25
994447.079,369397889,355600385,4.49
994547.079,369397889,355600385,5.77
994647.079,369397889,355600385,6.59
994747.079,369397749,355600344,4.93
994847.079,369397611,355600298,1.01
994947.079,369397611,355600298,-0.07000000000000003
995047.079,369397472,355600251,0.99
995147.079,369397472,355600251,1.28
995247.079,369397334,355600202,2
995347.079,369397334,355600202,1.99
995447.079,369397197,355600151,1.69
995547.079,369397197,355600151,2.06
995647.079,369397197,355600151,2.61
995747.079,369397060,355600098,2.04
995847.079,369396923,355600044,0.98
995947.079,369396923,355600044,0.81
996047.079,369396787,355599990,0.84
996147.079,369396787,355599990,1.44
996247.079,369396650,355599937,0.99
996347.079,369396650,355599937,1.88
996447.079,369396513,355599881,3.65
996547.079,369396513,355599881,3.72
996647.079,369396379,355599822,2.76
996747.079,369396379,355599822,1.67
996847.079,369396245,355599761,0.76
996947.079,369396245,355599761,0.16000000000000003
997047.079,369396111,355599699,0.06
997147.079,369396111,355599699,0.92
997247.079,369395978,355599638,0.69
997347.079,369395978,355599638,0.39
997447.079,369395845,355599578,0.92
997547.079,369395845,355599578,0.3
997647.079,369395845,355599578,0
997747.079,369395713,355599517,1.11
997847.079,369395582,355599456,0.8
997947.079,369395582,355599456,0.51
998047.079,369395453,355599394,0.17
998147.079,369395453,355599394,0.12
998247.079,369395324,355599331,-0.18
998347.079,369395324,355599331,-0.16
998447.079,369395324,355599331,-0.28
998547.079,369395196,355599269,-0.49
998647.079,369395196,355599269,-0.56
998747.079,369395067,355599207,-0.91
998847.079,369394937,355599146,-0.30999999999999994
998947.079,369394937,355599146,1.24
999047.079,369394810,355599085,0.87
999147.079,369394810,355599085,-0.4699999999999999
999247.079,369394683,355599023,-0.15
999347.079,369394683,355599023,-0.39
999447.079,369394559,355598960,-0.88
999547.079,369394559,355598960,-0.68
999647.079,369394435,355598900,-0.4
999747.079,369394435,355598900,-0.19
999847.079,369394312,355598841,-0.62
999947.079,369394312,355598841,-1.27
1000047.079,369394191,355598783,-0.38
1000147.079,369394191,355598783,0.46
1000247.079,369394070,355598729,-0.69
1000347.079,369394070,355598729,-0.99
1000447.079,369393949,355598674,0.19
1000547.079,369393949,355598674,0.26
1000647.079,369393831,355598618,0.9
1000747.079,369393831,355598618,0.82
1000847.079,369393714,355598560,0.44
1000947.079,369393714,355598560,0.1
1001047.079,369393596,355598503,-0.22999999999999998
1001147.079,369393596,355598503,-0.59
1001247.079,369393480,355598446,0.08999999999999997
1001347.079,369393480,355598446,0.9200000000000002
1001447.079,369393364,355598390,0.61
1001547.079,369393364,355598390,-0.010000000000000009
1001647.079,369393364,355598390,-1.21
1001747.079,369393249,355598335,-1.82
1001847.079,369393133,355598280,-2.36
1001947.079,369393133,355598280,-1.92
1002047.079,369393016,355598227,-0.49
1002147.079,369393016,355598227,-0.32
1002247.079,369392900,355598174,0.47000000000000003
1002347.079,369392900,355598174,1.38
1002447.079,369392784,355598120,1.2
1002547.079,369392784,355598120,0.07000000000000006
1002647.079,369392784,355598120,-1.11
1002747.079,369392669,355598065,-1.38
1002847.079,369392555,355598011,-1.85
1002947.079,369392555,355598011,-1.84
1003047.079,369392439,355597959,-1.35
1003147.079,369392439,355597959,-0.64
1003247.079,369392324,355597905,-0.46
1003347.079,369392324,355597905,-0.35
1003447.079,369392209,355597851,-0.65
1003547.079,369392209,355597851,-1.22
1003647.079,369392209,355597851,-1.57
1003747.079,369392093,355597799,-1.7
1003847.079,369391976,355597747,-1.67
1003947.079,369391976,355597747,-0.97
1004047.079,369391859,355597696,-0.53
1004147.079,369391859,355597696,-1.09
1004247.079,369391742,355597645,-1.69
1004347.079,369391742,355597645,-1.21
1004447.079,369391742,355597645,-1.08
1004547.079,369391624,355597595,-1.07
1004647.079,369391506,355597544,-0.96
1004747.079,369391506,355597544,-0.9
1004847.079,369391387,355597494,-1.31
1004947.079,369391387,355597494,-1
1005047.079,369391268,355597446,-0.1
1005147.079,369391268,355597446,-0.14
1005247.079,369391148,355597398,0.28
1005347.079,369391148,355597398,0.25
1005447.079,369391029,355597350,-0.24
1005547.079,369391029,355597350,0.8199999999999998
1005647.079,369391029,355597350,0.33000000000000007
1005747.079,369390910,355597301,-1.13
1005847.079,369390790,355597250,-1.85
1005947.079,369390790,355597250,-1.48
1006047.079,369390671,355597199,-1
1006147.079,369390671,355597199,-0.63
1006247.079,369390552,355597146,-0.26
1006347.079,369390552,355597146,-0.4600000000000001
1006447.079,369390432,355597094,-1.16
1006547.079,369390432,355597094,-1.6
1006647.079,369390432,355597094,-1.07
1006747.079,369390310,355597043,-0.9
1006847.079,369390188,355596992,0
1006947.079,369390188,355596992,0.29
1007047.079,369390064,355596942,-0.34
1007147.079,369390064,355596942,-0.39
1007247.079,369390064,355596942,-0.09
1007347.079,369389939,355596891,0.17
1007447.079,369389814,355596838,0.010000000000000002
1007547.079,369389814,355596838,-0.14
1007647.079,369389690,355596783,-1.4
1007747.079,369389690,355596783,-1.02
1007847.079,369389567,355596728,-0.75
1007947.079,369389567,355596728,-1.37
1008047.079,369389567,355596728,-1.33
1008147.079,369389444,355596673,-1.08
1008247.079,369389444,355596673,-1.27
1008347.079,369389321,355596621,-1.06
1008447.079,369389321,355596621,-0.68
1008547.079,369389198,355596571,0.17000000000000004
1008647.079,369389075,355596523,0.2
1008747.079,369389075,355596523,-0.91
1008847.079,369388952,355596476,-0.08999999999999997
1008947.079,369388952,355596476,0.61
1009047.079,369388952,355596476,0.82
1009147.079,369388830,355596427,0.97
1009247.079,369388708,355596378,-0.47000000000000014
1009347.079,369388708,355596378,-2.1
1009447.079,369388708,355596378,-1.16
1009547.079,369388585,355596326,-0.2
1009647.079,369388585,355596326,-1.11
1009747.079,369388463,355596277,-1.09
1009847.079,369388339,355596225,0.49
1009947.079,369388339,355596225,0
1010047.079,369388217,355596172,1.16
1010147.079,369388217,355596172,8.91
1010247.079,369388101,355596113,24.83
1010347.079,369388101,355596113,28.46
1010447.079,369388101,355596113,23.52
1010547.079,369387990,355596039,20.37
1010647.079,369387990,355596039,19.55
1010747.079,369387885,355595950,20.74
1010847.079,369387786,355595852,22.09
1010947.079,369387786,355595852,22.94
1011047.079,369387693,355595740,24.23
1011147.079,369387693,355595740,24.62
1011247.079,369387610,355595610,23.87
1011347.079,369387610,355595610,22.09
1011447.079,369387540,355595459,23
1011547.079,369387540,355595459,23.66
1011647.079,369387482,355595295,25.71
1011747.079,369387482,355595295,27.4
1011847.079,369387431,355595121,26.16
1011947.079,369387431,355595121,24.59
1012047.079,369387393,355594934,23.78
1012147.079,369387393,355594934,23.86
1012247.079,369387368,355594734,25.18
1012347.079,369387368,355594734,25.3
1012447.079,369387358,355594522,24.94
1012547.079,369387358,355594522,24.73
1012647.079,369387358,355594522,25.61
1012747.079,369387361,355594302,26.41
1012847.079,369387379,355594075,26.11
1012947.079,369387379,355594075,27.1
1013047.079,369387415,355593842,28.15
1013147.079,369387415,355593842,28.32
1013247.079,369387469,355593604,28.75
1013347.079,369387469,355593604,28.8
1013447.079,369387469,355593604,29.29
1013547.079,369387542,355593364,29.66
1013647.079,369387633,355593122,29.51
1013747.079,369387633,355593122,29.72
1013847.079,369387740,355592882,30.09
1013947.079,369387740,355592882,29.29
1014047.079,369387868,355592643,28.79
1014147.079,369387868,355592643,29.3
1014247.079,369388018,355592409,29.61
1014347.079,369388018,355592409,29.71
1014447.079,369388186,355592181,30.14
1014547.079,369388186,355592181,30.47
1014647.079,369388374,355591960,29.83
1014747.079,369388374,355591960,29.04
1014847.079,369388579,355591749,29.08
1014947.079,369388579,355591749,29.16
1015047.079,369388802,355591548,28.06
1015147.079,369388802,355591548,27.56
1015247.079,369389041,355591358,27.55
1015347.079,369389041,355591358,28.19
1015447.079,369389297,355591180,25.83
1015547.079,369389297,355591180,24.45
1015647.079,369389566,355591013,23.73
1015747.079,369389566,355591013,23.41
1015847.079,369389847,355590858,22.88
1015947.079,369389847,355590858,22.63
1016047.079,369390138,355590714,21.94
1016147.079,369390138,355590714,20.42
1016247.079,369390441,355590582,18.03
1016347.079,369390441,355590582,17.17
1016447.079,369390752,355590461,17.58
1016547.079,369390752,355590461,16.62
1016647.079,369391070,355590348,16.29
1016747.079,369391070,355590348,15.75
1016847.079,369391394,355590243,13.32
1016947.079,369391394,355590243,11.93
1017047.079,369391723,355590145,10.52
1017147.079,369391723,355590145,9.75
1017247.079,369392057,355590055,9.89
1017347.079,369392057,355590055,10.03
1017447.079,369392395,355589970,9.52
1017547.079,369392395,355589970,8.8
1017647.079,369392395,355589970,7.48
1017747.079,369392738,355589893,6.63
1017847.079,369393083,355589820,5.57
1017947.079,369393083,355589820,4.98
1018047.079,369393431,355589752,4.89
1018147.079,369393431,355589752,4.52
1018247.079,369393779,355589687,3.39
1018347.079,369393779,355589687,2.98
1018447.079,369394128,355589624,2.55
1018547.079,369394128,355589624,2.28
1018647.079,369394478,355589563,2.3
1018747.079,369394478,355589563,1.61
1018847.079,369394828,355589505,0.62
1018947.079,369394828,355589505,0.27
1019047.079,369395179,355589449,0.07999999999999999
1019147.079,369395179,355589449,-0.52
1019247.079,369395529,355589393,-1.18
1019347.079,369395529,355589393,-1.51
1019447.079,369395878,355589336,-1.49
1019547.079,369395878,355589336,-1.41
1019647.079,369396227,355589280,-0.7
1019747.079,369396227,355589280,-0.82
1019847.079,369396573,355589225,-2.03
1019947.079,369396573,355589225,-3.15
1020047.079,369396919,355589169,-3.06
1020147.079,369396919,355589169,-2.64
1020247.079,369397263,355589113,-3.04
1020347.079,369397263,355589113,-2.8
1020447.079,369397263,355589113,-2.97
1020547.079,369397606,355589055,-3.5
1020647.079,369397606,355589055,-2.6
1020747.079,369397947,355588997,-2.64
1020847.079,369398287,355588938,-2.95
1020947.079,369398287,355588938,-3.25
1021047.079,369398626,355588878,-3.72
1021147.079,369398626,355588878,-4.43
1021247.079,369398964,355588817,-4.8
1021347.079,369398964,355588817,-4.58
1021447.079,369399301,355588756,-4.13
1021547.079,369399301,355588756,-3.95
1021647.079,369399637,355588691,-5.47
1021747.079,369399637,355588691,-6.09
1021847.079,369399969,355588623,-6.34
1021947.079,369399969,355588623,-6.01
1022047.079,369400300,355588552,-5.39
1022147.079,369400300,355588552,-4.98
1022247.079,369400629,355588477,-4.93
1022347.079,369400629,355588477,-5.06
1022447.079,369400956,355588401,-5.18
1022547.079,369400956,355588401,-5.19
1022647.079,369401281,355588322,-5.54
1022747.079,369401281,355588322,-5.67
1022847.079,369401602,355588242,-4.4
1022947.079,369401602,355588242,-4.24
1023047.079,369401924,355588159,-5.31
1023147.079,369401924,355588159,-5.23
1023247.079,369402244,355588073,-4.9
1023347.079,369402244,355588073,-4.82
1023447.079,369402561,355587984,-4.85
1023547.079,369402561,355587984,-4.75
1023647.079,369402877,355587892,-4.35
1023747.079,369402877,355587892,-3.94
1023847.079,369403190,355587798,-4.06
1023947.079,369403190,355587798,-4.35
1024047.079,369403503,355587703,-4.03
1024147.079,369403503,355587703,-4.14
1024247.079,369403816,355587605,-4.99
1024347.079,369403816,355587605,-4.92
1024447.079,369404127,355587506,-4.83
1024547.079,369404127,355587506,-5.31
1024647.079,369404127,355587506,-4.51
1024747.079,369404437,355587405,-3.92
1024847.079,369404743,355587300,-4
1024947.079,369404743,355587300,-3.76
1025047.079,369405049,355587194,-3.35
1025147.079,369405049,355587194,-3.33
1025247.079,369405353,355587085,-4.43
1025347.079,369405353,355587085,-4.16
1025447.079,369405657,355586974,-5.01
1025547.079,369405657,355586974,-5.87
1025647.079,369405959,355586862,-3.46
1025747.079,369405959,355586862,-2.69
1025847.079,369406257,355586749,-3.36
1025947.079,369406257,355586749,-2.97
1026047.079,369406557,355586634,-2.42
1026147.079,369406557,355586634,-2.78
1026247.079,369406856,355586517,-2.76
1026347.079,369406856,355586517,-3.06
1026447.079,369407153,355586397,-3.87
1026547.079,369407153,355586397,-4.16
1026647.079,369407153,355586397,-3.2
1026747.079,369407449,355586275,-2.06
1026847.079,369407743,355586151,-2.37
1026947.079,369407743,355586151,-2.56
1027047.079,369408039,355586028,-1.91
1027147.079,369408039,355586028,-2.06
1027247.079,369408333,355585902,-2.07
1027347.079,369408333,355585902,-2.02
1027447.079,369408627,355585776,-0.6499999999999999
1027547.079,369408627,355585776,6.5
1027647.079,369408627,355585776,24.7
1027747.079,369408925,355585653,37.2
1027847.079,369409235,355585549,48.95
1027947.079,369409235,355585549,48.56
1028047.079,369409574,355585486,46.79
1028147.079,369409574,355585486,45.72
1028247.079,369409939,355585477,44.74
1028347.079,369409939,355585477,44.51
1028447.079,369410315,355585502,44.03
1028547.079,369410315,355585502,43.83
1028647.079,369410703,355585556,44.53
1028747.079,369410703,355585556,44.97
1028847.079,369411094,355585650,45.16
1028947.079,369411094,355585650,45.46
1029047.079,369411488,355585798,45.67
1029147.079,369411488,355585798,45.51
1029247.079,369411875,355586001,45.22
1029347.079,369411875,355586001,44.74
1029447.079,369412250,355586251,44.28
1029547.079,369412250,355586251,44.56
1029647.079,369412612,355586538,44.68
1029747.079,369412612,355586538,44.72
1029847.079,369412959,355586856,44.51
1029947.079,369412959,355586856,44.65
1030047.079,369413292,355587202,44.9
1030147.079,369413292,355587202,44.1
1030247.079,369413599,355587579,44.3
1030347.079,369413599,355587579,45.18
1030447.079,369413872,355587987,45.59
1030547.079,369413872,355587987,45.06
1030647.079,369414105,355588420,44.62
1030747.079,369414105,355588420,45.14
1030847.079,369414301,355588865,45.03
1030947.079,369414301,355588865,44.68
1031047.079,369414467,355589322,44.75
1031147.079,369414467,355589322,44.97
1031247.079,369414607,355589783,44.58
1031347.079,369414607,355589783,44.36
1031447.079,369414720,355590245,44.14
1031547.079,369414720,355590245,44.8
1031647.079,369414801,355590705,44.56
1031747.079,369414801,355590705,44.02
1031847.079,369414849,355591159,44.95
1031947.079,369414849,355591159,45.47
1032047.079,369414857,355591595,45.09
1032147.079,369414857,355591595,44.99
1032247.079,369414831,355592008,45.07
1032347.079,369414831,355592008,45.08
1032447.079,369414776,355592397,44.92
1032547.079,369414776,355592397,44.96
1032647.079,369414699,355592761,43.21
1032747.079,369414699,355592761,42.48
1032847.079,369414602,355593104,40.9
1032947.079,369414602,355593104,39.88
1033047.079,369414489,355593422,38.52
1033147.079,369414489,355593422,37.34
1033247.079,369414360,355593715,35.92
1033347.079,369414360,355593715,35.27
1033447.079,369414219,355593981,33.88
1033547.079,369414219,355593981,32.47
1033647.079,369414069,355594219,30.5
1033747.079,369414069,355594219,29.21
1033847.079,369413911,355594433,27.3
1033947.079,369413911,355594433,26.1
1034047.079,369413749,355594629,23.9
1034147.079,369413749,355594629,23.51
1034247.079,369413585,355594806,22.1
1034347.079,369413585,355594806,19.76
1034447.079,369413417,355594961,19.76
1034547.079,369413417,355594961,19.34
1034647.079,369413246,355595097,17.75
1034747.079,369413246,355595097,16.28
1034847.079,369413075,355595220,13.53
1034947.079,369413075,355595220,12.91
1035047.079,369412903,355595330,12.12
1035147.079,369412903,355595330,11.71
1035247.079,369412733,355595433,11.92
1035347.079,369412733,355595433,11.54
1035447.079,369412562,355595526,10.11
1035547.079,369412562,355595526,9.58
1035647.079,369412394,355595608,9.12
1035747.079,369412394,355595608,8.26
1035847.079,369412394,355595608,7.35
1035947.079,369412228,355595686,7.28
1036047.079,369412065,355595760,6.94
1036147.079,369412065,355595760,6.02
1036247.079,369411904,355595830,4.32
1036347.079,369411904,355595830,4.99
1036447.079,369411904,355595830,6.24
1036547.079,369411745,355595892,6.01
1036647.079,369411588,355595951,5.54
1036747.079,369411588,355595951,4.81
1036847.079,369411435,355596005,4.53
1036947.079,369411435,355596005,4.6
1037047.079,369411283,355596059,4.86
1037147.079,369411283,355596059,5.06
1037247.079,369411133,355596109,6.03
1037347.079,369411133,355596109,5.49
1037447.079,369410984,355596155,4.55
1037547.079,369410984,355596155,3.61
1037647.079,369410837,355596197,2.85
1037747.079,369410837,355596197,3.21
1037847.079,369410691,355596236,2.77
1037947.079,369410691,355596236,2.54
1038047.079,369410547,355596272,3.21
1038147.079,369410547,355596272,3.38
1038247.079,369410404,355596307,2.18
1038347.079,369410404,355596307,1.76
1038447.079,369410261,355596341,2.51
1038547.079,369410261,355596341,2.88
1038647.079,369410121,355596373,2.81
1038747.079,369410121,355596373,2.56
1038847.079,369409982,355596402,1.87
1038947.079,369409982,355596402,1.63
1039047.079,369409845,355596428,1.11
1039147.079,369409845,355596428,0.79
1039247.079,369409709,355596454,0.7
1039347.079,369409709,355596454,1.01
1039447.079,369409574,355596478,2.37
1039547.079,369409574,355596478,2.12
1039647.079,369409574,355596478,0.82
1039747.079,369409441,355596498,0.74
1039847.079,369409308,355596519,0.8
1039947.079,369409308,355596519,0.75
1040047.079,369409177,355596539,1.14
1040147.079,369409177,355596539,1.16
1040247.079,369409045,355596560,0.66
1040347.079,369409045,355596560,1
1040447.079,369409045,355596560,1.16
1040547.079,369408914,355596580,1.04
1040647.079,369408784,355596599,1.15
1040747.079,369408784,355596599,1.05
1040847.079,369408655,355596616,1.04
1040947.079,369408655,355596616,1.06
1041047.079,369408527,355596634,0.47
1041147.079,369408527,355596634,0.12
1041247.079,369408400,355596651,-0.35
1041347.079,369408400,355596651,-0.38
1041447.079,369408273,355596668,-0.22
1041547.079,369408273,355596668,-0.13
1041647.079,369408147,355596684,0.1
1041747.079,369408147,355596684,0.22
1041847.079,369408022,355596701,1.05
1041947.079,369408022,355596701,1.15
1042047.079,369407900,355596716,0.58
1042147.079,369407900,355596716,0.75
1042247.079,369407777,355596730,-0.41000000000000003
1042347.079,369407777,355596730,-0.21999999999999997
1042447.079,369407655,355596746,0.08
1042547.079,369407655,355596746,0.9
1042647.079,369407536,355596762,1.42
1042747.079,369407536,355596762,0.48
1042847.079,369407416,355596779,0.25
1042947.079,369407416,355596779,-0.04999999999999999
1043047.079,369407297,355596798,0.04000000000000001
1043147.079,369407297,355596798,0.17
1043247.079,369407178,355596817,0.33
1043347.079,369407178,355596817,0.31
1043447.079,369407060,355596834,-0.13
1043547.079,369407060,355596834,-0.25
1043647.079,369406942,355596850,-0.11
1043747.079,369406942,355596850,-0.46
1043847.079,369406823,355596865,-0.81
1043947.079,369406823,355596865,-0.71
1044047.079,369406705,355596881,-0.68
1044147.079,369406705,355596881,-0.55
1044247.079,369406586,355596897,-0.42
1044347.079,369406586,355596897,-0.4
1044447.079,369406466,355596914,-0.18
1044547.079,369406466,355596914,-0.05
1044647.079,369406346,355596931,-0.7
1044747.079,369406346,355596931,-1.19
1044847.079,369406225,355596948,-1.74
1044947.079,369406225,355596948,-2.09
1045047.079,369406104,355596967,-2.93
1045147.079,369406104,355596967,-3.67
1045247.079,369405981,355596986,-4.32
1045347.079,369405981,355596986,-4.25
1045447.079,369405858,355597008,-4.58
1045547.079,369405858,355597008,-5.19
1045647.079,369405733,355597034,-5.92
1045747.079,369405733,355597034,-6.15
1045847.079,369405606,355597064,-6.28
1045947.079,369405606,355597064,-6.32
1046047.079,369405478,355597098,-6.71
1046147.079,369405478,355597098,-7.12
1046247.079,369405349,355597137,-7.48
1046347.079,369405349,355597137,-7.36
1046447.079,369405218,355597181,-7.51
1046547.079,369405218,355597181,-8.19
1046647.079,369405085,355597231,-8.42
1046747.079,369405085,355597231,-8.43
1046847.079,369404951,355597285,-8.76
1046947.079,369404951,355597285,-8.84
1047047.079,369404815,355597347,-8.87
1047147.079,369404815,355597347,-8.95
1047247.079,369404678,355597414,-9.03
1047347.079,369404678,355597414,-8.86
1047447.079,369404539,355597489,-8.92
1047547.079,369404539,355597489,-9.19
1047647.079,369404399,355597569,-9.46
1047747.079,369404399,355597569,-9.58
1047847.079,369404258,355597657,-9.5
1047947.079,369404258,355597657,-9.28
1048047.079,369404116,355597753,-9.18
1048147.079,369404116,355597753,-9.51
1048247.079,369403972,355597854,-9.9
1048347.079,369403972,355597854,-9.81
1048447.079,369403828,355597963,-9.56
1048547.079,369403828,355597963,-9.5
1048647.079,369403683,355598079,-9.04
1048747.079,369403683,355598079,-8.95
1048847.079,369403538,355598202,-9.12
1048947.079,369403538,355598202,-9.32
1049047.079,369403392,355598332,-9.82
1049147.079,369403392,355598332,-9.55
1049247.079,369403246,355598469,-8.82
1049347.079,369403246,355598469,-8.64
1049447.079,369403100,355598612,-8.56
1049547.079,369403100,355598612,-8.79
1049647.079,369402954,355598762,-9
1049747.079,369402954,355598762,-8.13
1049847.079,369402808,355598911,2.7100000000000004
1049947.079,369402808,355598911,12.4
1050047.079,369402662,355599060,14.24
1050147.079,369402662,355599060,11.44
1050247.079,369402516,355599197,9.8
1050347.079,369402516,355599197,9.26
1050447.079,369402369,355599328,9.87
1050547.079,369402369,355599328,10.38
1050647.079,369402222,355599452,10.64
1050747.079,369402222,355599452,11.06
1050847.079,369402075,355599568,10.52
1050947.079,369402075,355599568,10.16
1051047.079,369401928,355599676,10.73
1051147.079,369401928,355599676,10.72
1051247.079,369401782,355599776,9.85
1051347.079,369401782,355599776,9.53
1051447.079,369401635,355599869,9.13
1051547.079,369401635,355599869,8.83
1051647.079,369401489,355599956,8.92
1051747.079,369401489,355599956,9.09
1051847.079,369401345,355600036,8.61
1051947.079,369401345,355600036,8.39
1052047.079,369401201,355600111,8.91
1052147.079,369401201,355600111,8.89
1052247.079,369401058,355600180,8.79
1052347.079,369401058,355600180,8.9
1052447.079,369400916,355600243,8.44
1052547.079,369400916,355600243,8.38
1052647.079,369400774,355600299,8.01
1052747.079,369400774,355600299,7.78
1052847.079,369400633,355600348,7.6
1052947.079,369400633,355600348,7.35
1053047.079,369400493,355600393,7.6
1053147.079,369400493,355600393,7.64
1053247.079,369400354,355600434,7.21
1053347.079,369400354,355600434,7.39
1053447.079,369400216,355600467,7.71
1053547.079,369400216,355600467,7.14
1053647.079,369400079,355600495,7.01
1053747.079,369400079,355600495,6.6
1053847.079,369399944,355600518,6.05
1053947.079,369399944,355600518,6.13
1054047.079,369399809,355600537,5.75
1054147.079,369399809,355600537,4.85
1054247.079,369399675,355600552,5.18
1054347.079,369399675,355600552,5.93
1054447.079,369399542,355600563,6.36
1054547.079,369399542,355600563,6.03
1054647.079,369399409,355600570,5.46
1054747.079,369399409,355600570,5.38
1054847.079,369399278,355600573,5.42
1054947.079,369399278,355600573,5.57
1055047.079,369399149,355600571,5.28
1055147.079,369399149,355600571,4.7
1055247.079,369399019,355600566,4.29
1055347.079,369399019,355600566,4.64
1055447.079,369398891,355600559,4.98
1055547.079,369398891,355600559,4.87
1055647.079,369398764,355600549,4.8
1055747.079,369398764,355600549,4.76
1055847.079,369398638,355600536,4.72
1055947.079,369398638,355600536,4.75
1056047.079,369398514,355600519,4.89
1056147.079,369398514,355600519,4.63
1056247.079,369398392,355600499,3.38
1056347.079,369398392,355600499,3.19
1056447.079,369398270,355600476,3.67
1056547.079,369398270,355600476,3.81
1056647.079,369398151,355600450,3.39
1056747.079,369398151,355600450,3.11
1056847.079,369398031,355600424,2.98
1056947.079,369398031,355600424,4.06
1057047.079,369397913,355600395,3.45
1057147.079,369397913,355600395,3.01
1057247.079,369397796,355600363,2.76
1057347.079,369397796,355600363,2.59
1057447.079,369397680,355600328,2.58
1057547.079,369397680,355600328,2.77
1057647.079,369397564,355600292,2.5
1057747.079,369397564,355600292,1.95
1057847.079,369397450,355600254,2.35
1057947.079,369397450,355600254,2.43
1058047.079,369397337,355600215,1.74
1058147.079,369397337,355600215,1.85
1058247.079,369397224,355600173,1.99
1058347.079,369397224,355600173,1.29
1058447.079,369397112,355600131,1.2
1058547.079,369397112,355600131,1.6
1058647.079,369397000,355600087,1.38
1058747.079,369397000,355600087,1.42
1058847.079,369396890,355600042,1.68
1058947.079,369396890,355600042,1.22
1059047.079,369396779,355599997,1.11
1059147.079,369396779,355599997,1.29
1059247.079,369396670,355599952,1.66
1059347.079,369396670,355599952,1.7
1059447.079,369396560,355599905,1.26
1059547.079,369396560,355599905,0.95
1059647.079,369396452,355599856,0.46
1059747.079,369396452,355599856,-0.69
1059847.079,369396342,355599811,-10.33
1059947.079,369396342,355599811,-21.04
1060047.079,369396229,355599773,-29.8
1060147.079,369396229,355599773,-25.4
1060247.079,369396109,355599748,-9.07
1060347.079,369396109,355599748,1.3699999999999997
1060447.079,369395986,355599728,4.16
1060547.079,369395986,355599728,1.13
1060647.079,369395864,355599708,-1.69
1060747.079,369395864,355599708,-2.48
1060847.079,369395741,355599690,-1.38
1060947.079,369395741,355599690,0.21999999999999997
1061047.079,369395618,355599674,1.45
1061147.079,369395618,355599674,1.02
1061247.079,369395495,355599656,-0.13999999999999999
1061347.079,369395495,355599656,-0.59
1061447.079,369395372,355599640,-0.54
1061547.079,369395372,355599640,-0.4
1061647.079,369395249,355599620,-0.22
1061747.079,369395249,355599620,-0.35
1061847.079,369395126,355599601,-0.49
1061947.079,369395126,355599601,-0.84
1062047.079,369395003,355599581,-1.34
1062147.079,369395003,355599581,-0.85
1062247.079,369394881,355599561,-0.39
1062347.079,369394881,355599561,-0.31
1062447.079,369394760,355599541,-0.44
1062547.079,369394760,355599541,-1.08
1062647.079,369394638,355599520,-0.9
1062747.079,369394638,355599520,-0.82
1062847.079,369394516,355599501,-0.4
1062947.079,369394516,355599501,0.19
1063047.079,369394393,355599480,0.73
1063147.079,369394393,355599480,1.14
1063247.079,369394271,355599459,0.77
1063347.079,369394271,355599459,-0.13
1063447.079,369394147,355599436,-0.47
1063547.079,369394147,355599436,-0.07
1063647.079,369394025,355599412,-1.01
1063747.079,369394025,355599412,-5.94
1063847.079,369393902,355599389,-9.51
1063947.079,369393902,355599389,-7.35
1064047.079,369393778,355599372,-0.8000000000000003
1064147.079,369393778,355599372,1.25
1064247.079,369393656,355599356,0.32
1064347.079,369393656,355599356,-0.24
1064447.079,369393532,355599343,-0.6
1064547.079,369393532,355599343,-1.12
1064647.079,369393408,355599330,-0.53
1064747.079,369393408,355599330,-0.31
1064847.079,369393285,355599316,0.24999999999999992
1064947.079,369393285,355599316,0.64
1065047.079,369393162,355599301,0.91
1065147.079,369393162,355599301,0.66
1065247.079,369393040,355599284,1.37
1065347.079,369393040,355599284,2.2
1065447.079,369392918,355599266,2.37
1065547.079,369392918,355599266,3.5
1065647.079,369392796,355599249,2.41
1065747.079,369392796,355599249,2.1
1065847.079,369392673,355599229,4.57
1065947.079,369392673,355599229,5.69
1066047.079,369392551,355599208,6.12
1066147.079,369392551,355599208,6.45
1066247.079,369392431,355599178,6.43
1066347.079,369392431,355599178,6.32
1066447.079,369392315,355599141,7.2
1066547.079,369392315,355599141,7.74
1066647.079,369392315,355599141,7.82
1066747.079,369392200,355599096,7.85
1066847.079,369392086,355599045,7.69
1066947.079,369392086,355599045,8.69
1067047.079,369391975,355598991,9.85
1067147.079,369391975,355598991,10.32
1067247.079,369391864,355598931,10.88
1067347.079,369391864,355598931,11.11
1067447.079,369391755,355598862,11.57
1067547.079,369391755,355598862,11.88
1067647.079,369391649,355598784,13.39
1067747.079,369391649,355598784,14.4
1067847.079,369391546,355598693,14.77
1067947.079,369391546,355598693,14.18
1068047.079,369391448,355598592,14.05
1068147.079,369391448,355598592,14.63
1068247.079,369391352,355598484,15.25
1068347.079,369391352,355598484,15.31
1068447.079,369391261,355598368,16.17
1068547.079,369391261,355598368,16.54
1068647.079,369391174,355598243,17.02
1068747.079,369391174,355598243,16.88
1068847.079,369391093,355598107,16.97
1068947.079,369391093,355598107,17.43
1069047.079,369391022,355597959,17.78
1069147.079,369391022,355597959,17.23
1069247.079,369390958,355597801,17.32
1069347.079,369390958,355597801,18.64
1069447.079,369390900,355597637,19.61
1069547.079,369390900,355597637,19.94
1069647.079,369390852,355597464,21.48
1069747.079,369390852,355597464,21.63
1069847.079,369390818,355597282,20.75
1069947.079,369390818,355597282,20.28
1070047.079,369390799,355597087,20.09
1070147.079,369390799,355597087,20.38
1070247.079,369390793,355596887,20.64
1070347.079,369390793,355596887,20.29
1070447.079,369390796,355596680,20.66
1070547.079,369390796,355596680,20.74
1070647.079,369390810,355596467,19.89
1070747.079,369390810,355596467,20.38
1070847.079,369390834,355596248,21.22
1070947.079,369390834,355596248,20.85
1071047.079,369390870,355596025,21.22
1071147.079,369390870,355596025,22.52
1071247.079,369390922,355595798,21.95
1071347.079,369390922,355595798,21.13
1071447.079,369390991,355595566,21.33
1071547.079,369390991,355595566,22.05
1071647.079,369391078,355595331,21.6
1071747.079,369391078,355595331,20.88
1071847.079,369391174,355595098,20.46
1071947.079,369391174,355595098,20.25
1072047.079,369391282,355594866,21.78
1072147.079,369391282,355594866,22.6
1072247.079,369391402,355594634,22.78
1072347.079,369391402,355594634,23.13
1072447.079,369391539,355594405,22.97
1072547.079,369391539,355594405,22.61
1072647.079,369391694,355594181,21.83
1072747.079,369391694,355594181,20.99
1072847.079,369391864,355593961,21.56
1072947.079,369391864,355593961,21.72
1073047.079,369392044,355593747,21.47
1073147.079,369392044,355593747,21.29
1073247.079,369392235,355593536,21.58
1073347.079,369392235,355593536,22.1
1073447.079,369392435,355593332,22.48
1073547.079,369392435,355593332,22.57
1073647.079,369392649,355593135,22.38
1073747.079,369392649,355593135,23.13
1073847.079,369392878,355592949,23.34
1073947.079,369392878,355592949,22.63
1074047.079,369393125,355592774,23.34
1074147.079,369393125,355592774,23.76
1074247.079,369393384,355592612,23.37
1074347.079,369393384,355592612,23.05
1074447.079,369393655,355592461,23
1074547.079,369393655,355592461,23.4
1074647.079,369393936,355592321,24.35
1074747.079,369393936,355592321,24.57
1074847.079,369394225,355592193,25.25
1074947.079,369394225,355592193,26.12
1075047.079,369394529,355592081,26.79
1075147.079,369394529,355592081,26.47
1075247.079,369394843,355591989,26.34
1075347.079,369394843,355591989,26.6
1075447.079,369395168,355591918,27.14
1075547.079,369395168,355591918,27.31
1075647.079,369395500,355591866,27.64
1075747.079,369395500,355591866,27.86
1075847.079,369395839,355591832,27.46
1075947.079,369395839,355591832,27.89
1076047.079,369396184,355591817,29.12
1076147.079,369396184,355591817,29.63
1076247.079,369396534,355591824,30.52
1076347.079,369396534,355591824,31.19
1076447.079,369396892,355591857,31.63
1076547.079,369396892,355591857,31.44
1076647.079,369397255,355591916,31.63
1076747.079,369397255,355591916,31.96
1076847.079,369397619,355592003,32.51
1076947.079,369397619,355592003,33.09
1077047.079,369397985,355592116,33.67
1077147.079,369397985,355592116,33.54
1077247.079,369398349,355592258,34.54
1077347.079,369398349,355592258,35.07
1077447.079,369398712,355592430,35.43
1077547.079,369398712,355592430,35.4
1077647.079,369399071,355592630,35.35
1077747.079,369399071,355592630,35.58
1077847.079,369399423,355592861,36.7
1077947.079,369399423,355592861,37.31
1078047.079,369399766,355593124,37.09
1078147.079,369399766,355593124,37.24
1078247.079,369400096,355593419,37.29
1078347.079,369400096,355593419,37.19
1078447.079,369400411,355593742,37.72
1078547.079,369400411,355593742,37.69
1078647.079,369400709,355594092,37.19
1078747.079,369400709,355594092,37.22
1078847.079,369400991,355594465,37.04
1078947.079,369400991,355594465,37.07
1079047.079,369401254,355594858,37.81
1079147.079,369401254,355594858,38.22
1079247.079,369401497,355595270,38.29
1079347.079,369401497,355595270,38.17
1079447.079,369401717,355595700,38.08
1079547.079,369401717,355595700,38.45
1079647.079,369401909,355596147,38.52
1079747.079,369401909,355596147,38.38
1079847.079,369402071,355596605,37.38
1079947.079,369402071,355596605,36.58
1080047.079,369402207,355597070,35.81
1080147.079,369402207,355597070,34.73
1080247.079,369402318,355597540,33.65
1080347.079,369402318,355597540,33.66
1080447.079,369402408,355598010,34.36
1080547.079,369402408,355598010,34.57
1080647.079,369402474,355598479,34.21
1080747.079,369402474,355598479,33.88
1080847.079,369402515,355598944,33.16
1080947.079,369402515,355598944,32.56
1081047.079,369402534,355599401,31.9
1081147.079,369402534,355599401,31.61
1081247.079,369402531,355599850,31.54
1081347.079,369402531,355599850,31.27
1081447.079,369402508,355600288,30.23
1081547.079,369402508,355600288,29.36
1081647.079,369402467,355600713,28.37
1081747.079,369402467,355600713,28.75
1081847.079,369402412,355601127,28.49
1081947.079,369402412,355601127,27.7
1082047.079,369402343,355601527,26.88
1082147.079,369402343,355601527,26.91
1082247.079,369402261,355601912,26.77
1082347.079,369402261,355601912,26.54
1082447.079,369402166,355602280,26.97
1082547.079,369402166,355602280,26.46
1082647.079,369402059,355602630,24.89
1082747.079,369402059,355602630,23.79
1082847.079,369401942,355602964,22.29
1082947.079,369401942,355602964,22.06
1083047.079,369401818,355603284,21.46
1083147.079,369401818,355603284,21.55
1083247.079,369401689,355603591,21.47
1083347.079,369401689,355603591,20.93
1083447.079,369401555,355603881,20.58
1083547.079,369401555,355603881,20.46
1083647.079,369401413,355604157,19.34
1083747.079,369401413,355604157,19.27
1083847.079,369401267,355604418,19.69
1083947.079,369401267,355604418,19.89
1084047.079,369401118,355604664,18.78
1084147.079,369401118,355604664,17.57
1084247.079,369400965,355604897,16.04
1084347.079,369400965,355604897,15.8
1084447.079,369400810,355605119,16.94
1084547.079,369400810,355605119,17.5
1084647.079,369400652,355605326,17.04
1084747.079,369400652,355605326,16.06
1084847.079,369400492,355605515,15.02
1084947.079,369400492,355605515,14.45
1085047.079,369400331,355605692,12.99
1085147.079,369400331,355605692,12.61
1085247.079,369400169,355605863,13.13
1085347.079,369400169,355605863,13.07
1085447.079,369400008,355606028,13.05
1085547.079,369400008,355606028,13.44
1085647.079,369399845,355606182,13.52
1085747.079,369399845,355606182,13.44
1085847.079,369399678,355606325,14.24
1085947.079,369399678,355606325,13.9
1086047.079,369399511,355606457,12.52
1086147.079,369399511,355606457,12.33
1086247.079,369399344,355606579,12.96
1086347.079,369399344,355606579,12.85
1086447.079,369399175,355606691,12.23
1086547.079,369399175,355606691,11.88
1086647.079,369399007,355606792,10.58
1086747.079,369399007,355606792,9.75
1086847.079,369398837,355606884,10.91
1086947.079,369398837,355606884,11.32
1087047.079,369398668,355606970,10.88
1087147.079,369398668,355606970,11.4
1087247.079,369398499,355607050,11.31
1087347.079,369398499,355607050,10.59
1087447.079,369398329,355607119,10.56
1087547.079,369398329,355607119,11.8
1087647.079,369398159,355607177,11.3
1087747.079,369398159,355607177,10.59
1087847.079,369397990,355607225,9.52
1087947.079,369397990,355607225,9.38
1088047.079,369397822,355607265,9.87
1088147.079,369397822,355607265,9.17
1088247.079,369397655,355607300,8.11
1088347.079,369397655,355607300,8.84
1088447.079,369397489,355607326,10.26
1088547.079,369397489,355607326,8.49
1088647.079,369397324,355607347,5.99
1088747.079,369397324,355607347,5.58
1088847.079,369397161,355607365,7.24
1088947.079,369397161,355607365,7.43
1089047.079,369397001,355607378,7.81
1089147.079,369397001,355607378,8.82
1089247.079,369396844,355607385,9.43
1089347.079,369396844,355607385,8.74
1089447.079,369396689,355607381,7.38
1089547.079,369396689,355607381,6.75
1089647.079,369396536,355607371,5.93
1089747.079,369396536,355607371,5.46
1089847.079,369396383,355607356,5.27
1089947.079,369396383,355607356,5.97
1090047.079,369396232,355607338,7.3
1090147.079,369396232,355607338,6.8
1090247.079,369396081,355607315,6.62
1090347.079,369396081,355607315,6.78
1090447.079,369395931,355607286,6.53
1090547.079,369395931,355607286,6.11
1090647.079,369395782,355607253,5.58
1090747.079,369395782,355607253,5.47
1090847.079,369395635,355607215,4.96
1090947.079,369395635,355607215,5.06
1091047.079,369395490,355607172,5.62
1091147.079,369395490,355607172,5.47
1091247.079,369395347,355607123,6.15
1091347.079,369395347,355607123,6.51
1091447.079,369395206,355607071,4.47
1091547.079,369395206,355607071,3.88
1091647.079,369395066,355607015,3.77
1091747.079,369395066,355607015,3.77
1091847.079,369394929,355606959,5.7
1091947.079,369394929,355606959,7.02
1092047.079,369394794,355606898,6.9
1092147.079,369394794,355606898,6.05
1092247.079,369394661,355606828,5.35
1092347.079,369394661,355606828,4.28
1092447.079,369394530,355606756,3.46
1092547.079,369394530,355606756,4.57
1092647.079,369394401,355606682,3.98
1092747.079,369394401,355606682,4.54
1092847.079,369394273,355606606,6.15
1092947.079,369394273,355606606,4.68
1093047.079,369394147,355606529,4.18
1093147.079,369394147,355606529,5.39
1093247.079,369394024,355606448,4.99
1093347.079,369394024,355606448,5.15
1093447.079,369393906,355606360,3.87
1093547.079,369393906,355606360,3.31
1093647.079,369393791,355606270,3.71
1093747.079,369393791,355606270,3.24
1093847.079,369393679,355606179,1.51
1093947.079,369393679,355606179,2.18
1094047.079,369393566,355606087,3.98
1094147.079,369393566,355606087,3.51
1094247.079,369393455,355605994,4.1
1094347.079,369393455,355605994,4.88
1094447.079,369393345,355605900,5.01
1094547.079,369393345,355605900,4.55
1094647.079,369393235,355605804,4.88
1094747.079,369393235,355605804,5.41
1094847.079,369393129,355605704,3.49
1094947.079,369393129,355605704,2.7
1095047.079,369393027,355605603,2.73
1095147.079,369393027,355605603,2.04
1095247.079,369392928,355605504,3.32
1095347.079,369392928,355605504,3.91
1095447.079,369392832,355605406,2.78
1095547.079,369392832,355605406,4.24
1095647.079,369392737,355605308,4.43
1095747.079,369392737,355605308,4.5
1095847.079,369392646,355605209,5.84
1095947.079,369392646,355605209,7.91
1096047.079,369392560,355605103,4.47
1096147.079,369392560,355605103,2.31
1096247.079,369392476,355604997,1.44
1096347.079,369392476,355604997,1.15
1096447.079,369392395,355604893,2.44
1096547.079,369392395,355604893,2.79
1096647.079,369392314,355604790,2.54
1096747.079,369392314,355604790,3.92
1096847.079,369392237,355604686,3.68
1096947.079,369392237,355604686,3.08
1097047.079,369392164,355604580,3
1097147.079,369392164,355604580,2.29
1097247.079,369392092,355604474,3.03
1097347.079,369392092,355604474,3.43
1097447.079,369392023,355604366,3
1097547.079,369392023,355604366,3.44
1097647.079,369391955,355604258,2.58
1097747.079,369391955,355604258,2.4
1097847.079,369391887,355604149,3.05
1097947.079,369391887,355604149,2.88
1098047.079,369391821,355604039,3.59
1098147.079,369391821,355604039,3.45
1098247.079,369391758,355603928,2.76
1098347.079,369391758,355603928,3.18
1098447.079,369391697,355603815,3.28
1098547.079,369391697,355603815,3
1098647.079,369391638,355603701,2.97
1098747.079,369391638,355603701,3.21
1098847.079,369391580,355603585,3.11
1098947.079,369391580,355603585,2.8
1099047.079,369391524,355603469,2.68
1099147.079,369391524,355603469,2.78
1099247.079,369391469,355603353,2.8
1099347.079,369391469,355603353,2.91
1099447.079,369391417,355603236,2.79
1099547.079,369391417,355603236,3.17
1099647.079,369391365,355603117,3.19
1099747.079,369391365,355603117,2.97
1099847.079,369391316,355602997,2.91
1099947.079,369391316,355602997,3.03
1100047.079,369391268,355602874,3.12
1100147.079,369391268,355602874,3.22
1100247.079,369391222,355602750,2.95
1100347.079,369391222,355602750,2.82
1100447.079,369391179,355602625,2.63
1100547.079,369391179,355602625,2.71
1100647.079,369391136,355602498,3.26
1100747.079,369391136,355602498,3.45
1100847.079,369391095,355602370,3.22
1100947.079,369391095,355602370,3.38
1101047.079,369391055,355602240,3.55
1101147.079,369391055,355602240,3.41
1101247.079,369391016,355602108,2.93
1101347.079,369391016,355602108,3.08
1101447.079,369390980,355601973,3.64
1101547.079,369390980,355601973,3.86
1101647.079,369390945,355601836,4.09
1101747.079,369390945,355601836,4.1
1101847.079,369390912,355601697,3.9
1101947.079,369390912,355601697,4.39
1102047.079,369390880,355601555,4.37
1102147.079,369390880,355601555,4.26
1102247.079,369390849,355601412,3.57
1102347.079,369390849,355601412,-0.76
1102447.079,369390818,355601268,-4.92
1102547.079,369390818,355601268,-3.96
1102647.079,369390787,355601126,-2.6
1102747.079,369390787,355601126,-2.68
1102847.079,369390754,355600987,-3.93
1102947.079,369390754,355600987,-3.78
1103047.079,369390721,355600848,-3.12
1103147.079,369390721,355600848,-3.33
1103247.079,369390687,355600710,-3.41
1103347.079,369390687,355600710,-3.18
1103447.079,369390652,355600574,-2.04
1103547.079,369390652,355600574,-1.23
1103647.079,369390616,355600435,-1.28
1103747.079,369390616,355600435,-1.88
1103847.079,369390580,355600298,-1.32
1103947.079,369390580,355600298,-0.94
1104047.079,369390542,355600159,-2.01
1104147.079,369390542,355600159,-1.99
1104247.079,369390502,355600020,-0.69
1104347.079,369390502,355600020,-0.48
1104447.079,369390461,355599883,0.2
1104547.079,369390461,355599883,0.7
1104647.079,369390418,355599745,1.08
1104747.079,369390418,355599745,1.4
1104847.079,369390376,355599606,0.26
1104947.079,369390376,355599606,-0.4
1105047.079,369390333,355599463,-0.92
1105147.079,369390333,355599463,-0.93
1105247.079,369390291,355599317,-1.01
1105347.079,369390291,355599317,-0.51
1105447.079,369390247,355599168,0.15
1105547.079,369390247,355599168,0.43
1105647.079,369390204,355599018,1.58
1105747.079,369390204,355599018,0.71
1105847.079,369390158,355598867,0.88
1105947.079,369390158,355598867,1.13
1106047.079,369390112,355598716,1.8
1106147.079,369390112,355598716,2.12
1106247.079,369390065,355598561,1.94
1106347.079,369390065,355598561,2.46
1106447.079,369390018,355598402,2.88
1106547.079,369390018,355598402,2.72
1106647.079,369389971,355598237,1.82
1106747.079,369389971,355598237,1.76
1106847.079,369389926,355598073,0.42999999999999994
1106947.079,369389926,355598073,0.5700000000000001
1107047.079,369389881,355597909,2.35
1107147.079,369389881,355597909,2.5
1107247.079,369389838,355597743,3.44
1107347.079,369389838,355597743,5.31
1107447.079,369389796,355597573,7.18
1107547.079,369389796,355597573,7.29
1107647.079,369389756,355597399,5.17
1107747.079,369389756,355597399,4.28
1107847.079,369389718,355597223,3.05
1107947.079,369389718,355597223,3
1108047.079,369389682,355597046,5.57
1108147.079,369389682,355597046,7.43
1108247.079,369389652,355596865,6.15
1108347.079,369389652,355596865,6
1108447.079,369389628,355596678,6.38
1108547.079,369389628,355596678,5.71
1108647.079,369389608,355596490,4.47
1108747.079,369389608,355596490,3.9
1108847.079,369389590,355596301,4.38
1108947.079,369389590,355596301,4.92
1109047.079,369389574,355596112,4.45
1109147.079,369389574,355596112,3.79
1109247.079,369389560,355595922,4.7
1109347.079,369389560,355595922,5.06
1109447.079,369389549,355595731,7.87
1109547.079,369389549,355595731,9.73
1109647.079,369389542,355595537,9.54
1109747.079,369389542,355595537,9.05
1109847.079,369389542,355595339,7.93
1109947.079,369389542,355595339,7.01
1110047.079,369389546,355595139,6.16
1110147.079,369389546,355595139,5.67
1110247.079,369389554,355594937,5.92
1110347.079,369389554,355594937,7.92
1110447.079,369389568,355594734,8.58
1110547.079,369389568,355594734,7.93
1110647.079,369389585,355594528,7.6
1110747.079,369389585,355594528,6.86
1110847.079,369389606,355594321,6.4
1110947.079,369389606,355594321,6.52
1111047.079,369389630,355594112,6.35
1111147.079,369389630,355594112,6.07
1111247.079,369389659,355593902,6.54
1111347.079,369389659,355593902,10.29
1111447.079,369389695,355593690,12.53
1111547.079,369389695,355593690,11.54
1111647.079,369389737,355593476,10.07
1111747.079,369389737,355593476,9.78
1111847.079,369389786,355593261,9.56
1111947.079,369389786,355593261,8.61
1112047.079,369389838,355593045,8.91
1112147.079,369389838,355593045,9.18
1112247.079,369389897,355592829,9.8
1112347.079,369389897,355592829,11.83
1112447.079,369389963,355592609,13.86
1112547.079,369389963,355592609,14.08
1112647.079,369390038,355592387,14.98
1112747.079,369390038,355592387,13.15
1112847.079,369390122,355592165,9.61
1112947.079,369390122,355592165,11.36
1113047.079,369390214,355591942,11.67
1113147.079,369390214,355591942,10.86
1113247.079,369390313,355591720,8.99
1113347.079,369390313,355591720,10.96
1113447.079,369390417,355591497,13.13
1113547.079,369390417,355591497,11.66
1113647.079,369390525,355591275,1.5099999999999998
1113747.079,369390525,355591275,-5.32
1113847.079,369390636,355591055,-5.68
1113947.079,369390636,355591055,-3.55
1114047.079,369390746,355590838,1.02
1114147.079,369390746,355590838,3.17
1114247.079,369390857,355590621,1.12
1114347.079,369390857,355590621,-2.66
1114447.079,369390969,355590405,-1.85
1114547.079,369390969,355590405,0.9599999999999999
1114647.079,369391079,355590188,1.51
1114747.079,369391079,355590188,0.46
1114847.079,369391189,355589972,0.33
1114947.079,369391189,355589972,0.97
1115047.079,369391300,355589757,2.36
1115147.079,369391300,355589757,1.98
1115247.079,369391411,355589544,2.04
1115347.079,369391411,355589544,2.2
1115447.079,369391525,355589332,2.45
1115547.079,369391525,355589332,0.93
1115647.079,369391641,355589120,1.44
1115747.079,369391641,355589120,1.5
1115847.079,369391757,355588908,-0.24
1115947.079,369391757,355588908,1.6600000000000001
1116047.079,369391875,355588697,1.9
1116147.079,369391875,355588697,1.62
1116247.079,369391993,355588486,0.33999999999999997
1116347.079,369391993,355588486,-0.31
1116447.079,369392113,355588275,0.54
1116547.079,369392113,355588275,1.21
1116647.079,369392234,355588064,1.5
1116747.079,369392234,355588064,1.11
1116847.079,369392356,355587852,0.17000000000000004
1116947.079,369392356,355587852,0.45
1117047.079,369392480,355587640,1.02
1117147.079,369392480,355587640,0
1117247.079,369392604,355587427,0.06
1117347.079,369392604,355587427,0.48
1117447.079,369392729,355587214,-0.04000000000000001
1117547.079,369392729,355587214,0.07
1117647.079,369392855,355587000,0.8
1117747.079,369392855,355587000,0.93
1117847.079,369392980,355586787,1.38
1117947.079,369392980,355586787,1.96
1118047.079,369393108,355586576,1.36
1118147.079,369393108,355586576,0.84
1118247.079,369393237,355586363,1.36
1118347.079,369393237,355586363,1.34
1118447.079,369393367,355586151,1.5
1118547.079,369393367,355586151,1.46
1118647.079,369393497,355585940,1.14
1118747.079,369393497,355585940,1.23
1118847.079,369393629,355585731,1.67
1118947.079,369393629,355585731,0.78
1119047.079,369393760,355585525,0.63
1119147.079,369393760,355585525,1.46
1119247.079,369393892,355585321,1.27
1119347.079,369393892,355585321,0.87
1119447.079,369394026,355585119,0.57
1119547.079,369394026,355585119,-0.060000000000000026
1119647.079,369394159,355584920,-0.13
1119747.079,369394159,355584920,0.22
1119847.079,369394293,355584724,1.22
1119947.079,369394293,355584724,1.29
1120047.079,369394427,355584527,1.52
1120147.079,369394427,355584527,1.83
1120247.079,369394563,355584333,1.58
1120347.079,369394563,355584333,1.6
1120447.079,369394699,355584141,1.59
1120547.079,369394699,355584141,1.52
1120647.079,369394836,355583952,1.49
1120747.079,369394836,355583952,0.75
1120847.079,369394973,355583764,0.26
1120947.079,369394973,355583764,1.33
1121047.079,369395112,355583578,1.48
1121147.079,369395112,355583578,2.01
1121247.079,369395253,355583393,9.23
1121347.079,369395253,355583393,13.46
1121447.079,369395398,355583211,8.76
1121547.079,369395398,355583211,1.4299999999999997
1121647.079,369395544,355583033,-2.02
1121747.079,369395544,355583033,0.41000000000000003
1121847.079,369395689,355582853,1.59
1121947.079,369395689,355582853,1.62
1122047.079,369395836,355582674,1.61
1122147.079,369395836,355582674,1.6
1122247.079,369395985,355582496,1.24
1122347.079,369395985,355582496,1.08
1122447.079,369396135,355582320,1.64
1122547.079,369396135,355582320,2.57
1122647.079,369396287,355582145,3.11
1122747.079,369396287,355582145,2.71
1122847.079,369396440,355581971,0.78
1122947.079,369396440,355581971,0.58
1123047.079,369396593,355581797,0.48
1123147.079,369396593,355581797,0.35
1123247.079,369396748,355581625,0.82
1123347.079,369396748,355581625,0.4
1123447.079,369396903,355581453,-0.21
1123547.079,369396903,355581453,0.06
1123647.079,369397058,355581281,0.59
1123747.079,369397058,355581281,0.61
1123847.079,369397215,355581110,0.20000000000000004
1123947.079,369397215,355581110,0.17
1124047.079,369397372,355580936,0.64
1124147.079,369397372,355580936,0.26
1124247.079,369397528,355580762,0.71
1124347.079,369397528,355580762,1.05
1124447.079,369397684,355580587,1.3
1124547.079,369397684,355580587,1.6
1124647.079,369397842,355580415,2.02
1124747.079,369397842,355580415,2.76
1124847.079,369398002,355580245,2.21
1124947.079,369398002,355580245,0.9
1125047.079,369398163,355580076,-0.11000000000000001
1125147.079,369398163,355580076,-0.24
1125247.079,369398325,355579906,1.4
1125347.079,369398325,355579906,1.32
1125447.079,369398490,355579735,1.18
1125547.079,369398490,355579735,1.47
1125647.079,369398653,355579564,1.2
1125747.079,369398653,355579564,0.65
1125847.079,369398818,355579393,1.19
1125947.079,369398818,355579393,1.03
1126047.079,369398984,355579223,1.35
1126147.079,369398984,355579223,1.71
1126247.079,369399151,355579054,0.71
1126347.079,369399151,355579054,0.64
1126447.079,369399320,355578887,0.59
1126547.079,369399320,355578887,0.84
1126647.079,369399486,355578720,-2.9
1126747.079,369399486,355578720,-6.97
1126847.079,369399649,355578554,-9.21
1126947.079,369399649,355578554,-9.75
1127047.079,369399807,355578389,-14.36
1127147.079,369399807,355578389,-21.61
1127247.079,369399957,355578224,-28.53
1127347.079,369399957,355578224,-27.16
1127447.079,369400097,355578053,-21.74
1127547.079,369400097,355578053,-18.23
1127647.079,369400223,355577875,-17.03
1127747.079,369400223,355577875,-18.54
1127847.079,369400340,355577692,-21.65
1127947.079,369400340,355577692,-22.25
1128047.079,369400446,355577508,-19.97
1128147.079,369400446,355577508,-19.89
1128247.079,369400536,355577321,-21.71
1128347.079,369400536,355577321,-23.26
1128447.079,369400611,355577135,-24.58
1128547.079,369400611,355577135,-24.65
1128647.079,369400672,355576949,-24.71
1128747.079,369400672,355576949,-24.23
1128847.079,369400717,355576768,-24.47
1128947.079,369400717,355576768,-24.78
1129047.079,369400743,355576590,-24.25
1129147.079,369400743,355576590,-25.09
1129247.079,369400749,355576417,-25.39
1129347.079,369400749,355576417,-25.09
1129447.079,369400746,355576248,-25.25
1129547.079,369400746,355576248,-25.4
1129647.079,369400730,355576089,-25.61
1129747.079,369400730,355576089,-24.56
1129847.079,369400704,355575937,-24.27
1129947.079,369400704,355575937,-23.71
1130047.079,369400649,355575801,-25.52
1130147.079,369400649,355575801,-24.87
1130247.079,369400595,355575676,-24.06
1130347.079,369400595,355575676,-24.62
1130447.079,369400530,355575569,-25.91
1130547.079,369400530,355575569,-26.67
1130647.079,369400458,355575472,-25.49
1130747.079,369400458,355575472,-24.94
1130847.079,369400379,355575388,-26.86
1130947.079,369400379,355575388,-27.3
1131047.079,369400273,355575340,-27.28
1131147.079,369400273,355575340,-25.77
1131247.079,369400173,355575292,-24.01
1131347.079,369400173,355575292,-22.07
1131447.079,369400068,355575261,-19.26
1131547.079,369400068,355575261,-18.71
1131647.079,369399959,355575238,-18.86
1131747.079,369399959,355575238,-18.67
1131847.079,369399849,355575234,-18.46
1131947.079,369399849,355575234,-18.26
1132047.079,369399732,355575239,-16.41
1132147.079,369399732,355575239,-16.32
1132247.079,369399606,355575258,-17.03
1132347.079,369399606,355575258,-17.09
1132447.079,369399470,355575290,-15.9
1132547.079,369399470,355575290,-13.39
1132647.079,369399313,355575338,-12.55
1132747.079,369399313,355575338,-12.8
1132847.079,369399135,355575385,-12.22
1132947.079,369399135,355575385,-11.94
1133047.079,369398946,355575445,-11.29
1133147.079,369398946,355575445,-10.49
1133247.079,369398746,355575521,-8.61
1133347.079,369398746,355575521,-8.81
1133447.079,369398533,355575610,-9.87
1133547.079,369398533,355575610,-11.52
1133647.079,369398301,355575697,-13.56
1133747.079,369398301,355575697,-14.68
1133847.079,369398068,355575802,-17.13
1133947.079,369398068,355575802,-18.34
1134047.079,369397819,355575919,-21.34
1134147.079,369397819,355575919,-21.2
1134247.079,369397568,355576058,-16.59
1134347.079,369397568,355576058,-13.51
1134447.079,369397309,355576214,-13.67
1134547.079,369397309,355576214,-15.93
1134647.079,369397044,355576384,-19.25
1134747.079,369397044,355576384,-19.35
1134847.079,369396765,355576563,-17.83
1134947.079,369396765,355576563,-17.51
1135047.079,369396489,355576766,-19.14
1135147.079,369396489,355576766,-19.94
1135247.079,369396210,355576979,-19.94
1135347.079,369396210,355576979,-18.81
1135447.079,369395927,355577205,-16.28
1135547.079,369395927,355577205,-18.82
1135647.079,369395652,355577468,-21.35
1135747.079,369395652,355577468,-22.07
1135847.079,369395381,355577741,-19.05
1135947.079,369395381,355577741,-18.95
1136047.079,369395110,355578026,-20.96
1136147.079,369395110,355578026,-19.74
1136247.079,369394834,355578326,-17.71
1136347.079,369394834,355578326,-15.62
1136447.079,369394567,355578639,-13.93
1136547.079,369394567,355578639,-16.21
1136647.079,369394301,355578973,-20.36
1136747.079,369394301,355578973,-19.03
1136847.079,369394044,355579324,-17.04
1136947.079,369394044,355579324,-17.3
1137047.079,369393789,355579686,-18.14
1137147.079,369393789,355579686,-18.21
1137247.079,369393540,355580051,-15.4
1137347.079,369393540,355580051,-14.78
1137447.079,369393293,355580437,-16.75
1137547.079,369393293,355580437,-18.31
1137647.079,369393046,355580831,-18.7
1137747.079,369393046,355580831,-19.09
1137847.079,369392814,355581240,-19.41
1137947.079,369392814,355581240,-19.47
1138047.079,369392596,355581667,-20.81
1138147.079,369392596,355581667,-19.51
1138247.079,369392389,355582106,-20.27
1138347.079,369392389,355582106,-21.47
1138447.079,369392197,355582553,-21.63
1138547.079,369392197,355582553,-21.75
1138647.079,369392003,355583003,-20.7
1138747.079,369392003,355583003,-21.63
1138847.079,369391822,355583473,-22.78
1138947.079,369391822,355583473,-22.48
1139047.079,369391656,355583961,-18.91
1139147.079,369391656,355583961,-17.99
1139247.079,369391500,355584453,-21.21
1139347.079,369391500,355584453,-21.04
1139447.079,369391356,355584954,-20.82
1139547.079,369391356,355584954,-21.01
1139647.079,369391224,355585461,-20.44
1139747.079,369391224,355585461,-22.17
1139847.079,369391089,355585970,-23.9
1139947.079,369391089,355585970,-19.35
1140047.079,369390978,355586504,-18.1
1140147.079,369390978,355586504,-18.66
1140247.079,369390880,355587042,-15.15
1140347.079,369390880,355587042,-14.06
1140447.079,369390793,355587593,-13.38
1140547.079,369390793,355587593,-14.22
1140647.079,369390719,355588145,-14.8
1140747.079,369390719,355588145,-14.85
1140847.079,369390655,355588693,-15.13
1140947.079,369390655,355588693,-13.4
1141047.079,369390601,355589249,-14.87
1141147.079,369390601,355589249,-15.84
1141247.079,369390551,355589815,-14.24
1141347.079,369390551,355589815,-14.56
1141447.079,369390507,355590387,-13.56
1141547.079,369390507,355590387,-13.71
1141647.079,369390470,355590965,-12.19
1141747.079,369390470,355590965,-10.57
1141847.079,369390447,355591530,-9.02
1141947.079,369390447,355591530,-8.6
1142047.079,369390420,355592103,-8.65
1142147.079,369390420,355592103,-7.74
1142247.079,369390404,355592687,-8.94
1142347.079,369390404,355592687,-8.57
1142447.079,369390396,355593269,-5.97
1142547.079,369390396,355593269,-5.32
1142647.079,369390392,355593855,-3.75
1142747.079,369390392,355593855,0.18000000000000016
1142847.079,369390378,355594416,1.92
1142947.079,369390378,355594416,2.21
1143047.079,369390369,355594989,2.5
1143147.079,369390369,355594989,1.4
1143247.079,369390369,355595566,-0.09000000000000002
1143347.079,369390369,355595566,-0.73
1143447.079,369390374,355596144,-1.15
1143547.079,369390374,355596144,-0.10999999999999999
1143647.079,369390380,355596727,-0.4
1143747.079,369390380,355596727,-0.66
1143847.079,369390365,355597294,2.35
1143947.079,369390365,355597294,2.68
1144047.079,369390362,355597869,0.62
1144147.079,369390362,355597869,0.06
1144247.079,369390368,355598446,0.35
1144347.079,369390368,355598446,-0.99
1144447.079,369390376,355599025,0.73
1144547.079,369390376,355599025,1.88
1144647.079,369390389,355599600,2.5
1144747.079,369390389,355599600,2.05
1144847.079,369390382,355600167,3.15
1144947.079,369390382,355600167,4.27
1145047.079,369390396,355600731,4.79
1145147.079,369390396,355600731,5.33
1145247.079,369390409,355601290,5.14
1145347.079,369390409,355601290,6.08
1145447.079,369390425,355601837,9.89
1145547.079,369390425,355601837,11.51
1145647.079,369390440,355602376,14.24
1145747.079,369390440,355602376,15.43
1145847.079,369390435,355602891,14.6
1145947.079,369390435,355602891,13.89
1146047.079,369390440,355603398,13.2
1146147.079,369390440,355603398,13.12
1146247.079,369390446,355603895,13.1
1146347.079,369390446,355603895,12.68
1146447.079,369390451,355604380,11.94
1146547.079,369390451,355604380,10.82
1146647.079,369390452,355604856,10.1
1146747.079,369390452,355604856,11.81
1146847.079,369390427,355605300,15.67
1146947.079,369390427,355605300,16.23
1147047.079,369390411,355605735,15.87
1147147.079,369390411,355605735,15.17
1147247.079,369390394,355606163,16.36
1147347.079,369390394,355606163,16.02
1147447.079,369390380,355606580,16.6
1147547.079,369390380,355606580,16.64
1147647.079,369390359,355606988,12.7
1147747.079,369390359,355606988,12.05
1147847.079,369390314,355607374,10.96
1147947.079,369390314,355607374,11.45
1148047.079,369390284,355607752,16.24
1148147.079,369390284,355607752,16.82
1148247.079,369390258,355608118,20.18
1148347.079,369390258,355608118,30.12
1148447.079,369390216,355608466,46.68
1148547.079,369390216,355608466,49.64
1148647.079,369390156,355608787,39.6
1148747.079,369390156,355608787,29.69
1148847.079,369390070,355609070,12.6
1148947.079,369390070,355609070,1.88
1149047.079,369389994,355609356,-4.46
1149147.079,369389994,355609356,-1.0500000000000003
1149247.079,369389923,355609640,4.9
1149347.079,369389923,355609640,5.89
1149447.079,369389851,355609915,7.1
1149547.079,369389851,355609915,10.26
1149647.079,369389781,355610180,12.13
1149747.079,369389781,355610180,12.79
1149847.079,369389726,355610445,17.39
1149947.079,369389726,355610445,19.15
1150047.079,369389658,355610695,15.86
1150147.079,369389658,355610695,14.03
1150247.079,369389584,355610933,14.35
1150347.079,369389584,355610933,14.34
1150447.079,369389506,355611160,14.5
1150547.079,369389506,355611160,16.04
1150647.079,369389429,355611375,18.05
1150747.079,369389429,355611375,17.83
1150847.079,369389349,355611580,17.51
1150947.079,369389349,355611580,17.49
1151047.079,369389266,355611767,16.65
1151147.079,369389266,355611767,14.91
1151247.079,369389181,355611942,13.54
1151347.079,369389181,355611942,11.71
1151447.079,369389100,355612111,5.59
1151547.079,369389100,355612111,1.9299999999999997
1151647.079,369389016,355612273,0.61
1151747.079,369389016,355612273,1.18
1151847.079,369388928,355612432,1.4
1151947.079,369388928,355612432,1.09
1152047.079,369388834,355612589,1.32
1152147.079,369388834,355612589,1.76
1152247.079,369388734,355612745,0.8499999999999999
1152347.079,369388734,355612745,0.45
1152447.079,369388627,355612899,-0.5499999999999999
1152547.079,369388627,355612899,-0.97
1152647.079,369388511,355613046,3.26
1152747.079,369388511,355613046,6.6
1152847.079,369388407,355613196,7.66
1152947.079,369388407,355613196,9.37
1153047.079,369388288,355613341,10.49
1153147.079,369388288,355613341,9.98
1153247.079,369388159,355613476,11.07
1153347.079,369388159,355613476,11.37
1153447.079,369388019,355613603,11.79
1153547.079,369388019,355613603,11.68
1153647.079,369387871,355613714,7.37
1153747.079,369387871,355613714,5.92
1153847.079,369387725,355613826,4.77
1153947.079,369387725,355613826,4.3
1154047.079,369387571,355613930,3.32
1154147.079,369387571,355613930,3.88
1154247.079,369387405,355614030,10.54
1154347.079,369387405,355614030,21.55
1154447.079,369387236,355614117,35.79
1154547.079,369387236,355614117,37.05
1154647.079,369387056,355614168,33.07
1154747.079,369387056,355614168,29.75
1154847.079,369386867,355614196,26.8
1154947.079,369386867,355614196,27.22
1155047.079,369386686,355614202,29.54
1155147.079,369386686,355614202,28.98
1155247.079,369386505,355614193,32.53
1155347.079,369386505,355614193,31.52
1155447.079,369386322,355614147,29.18
1155547.079,369386322,355614147,28.86
1155647.079,369386148,355614069,27.79
1155747.079,369386148,355614069,27.73
1155847.079,369385979,355613985,27.15
1155947.079,369385979,355613985,26.64
1156047.079,369385811,355613886,26.61
1156147.079,369385811,355613886,27.42
1156247.079,369385650,355613760,28.29
1156347.079,369385650,355613760,28.73
1156447.079,369385501,355613607,26.68
1156547.079,369385501,355613607,25.45
1156647.079,369385366,355613429,24.31
1156747.079,369385366,355613429,22.95
1156847.079,369385235,355613244,23.31
1156947.079,369385235,355613244,22.4
1157047.079,369385108,355613047,18.98
1157147.079,369385108,355613047,19.62
1157247.079,369384985,355612838,23.57
1157347.079,369384985,355612838,22.7
1157447.079,369384878,355612612,22.33
1157547.079,369384878,355612612,21.23
1157647.079,369384779,355612371,19.21
1157747.079,369384779,355612371,18
1157847.079,369384684,355612123,17.5
1157947.079,369384684,355612123,17.38
1158047.079,369384602,355611864,17.88
1158147.079,369384602,355611864,17.39
1158247.079,369384528,355611598,16.5
1158347.079,369384528,355611598,17.02
1158447.079,369384464,355611323,18.63
1158547.079,369384464,355611323,18.76
1158647.079,369384412,355611038,16.23
1158747.079,369384412,355611038,13.76
1158847.079,369384367,355610752,12.18
1158947.079,369384367,355610752,11.86
1159047.079,369384328,355610464,11.51
1159147.079,369384328,355610464,11.36
1159247.079,369384293,355610171,11.26
1159347.079,369384293,355610171,10.98
1159447.079,369384266,355609876,10.57
1159547.079,369384266,355609876,10.48
1159647.079,369384246,355609575,10.03
1159747.079,369384246,355609575,9.15
1159847.079,369384227,355609284,8.24
1159947.079,369384227,355609284,8.12
1160047.079,369384216,355608986,7.67
1160147.079,369384216,355608986,7.67
1160247.079,369384214,355608686,7.84
1160347.079,369384214,355608686,7.63
1160447.079,369384214,355608386,7.35
1160547.079,369384214,355608386,6.94
1160647.079,369384220,355608084,6.48
1160747.079,369384220,355608084,6.13
1160847.079,369384218,355607783,5.65
1160947.079,369384218,355607783,5.59
1161047.079,369384224,355607480,6.11
1161147.079,369384224,355607480,6.09
1161247.079,369384235,355607177,5.22
1161347.079,369384235,355607177,5.17
1161447.079,369384252,355606876,5.76
1161547.079,369384252,355606876,4.81
1161647.079,369384269,355606572,4.56
1161747.079,369384269,355606572,5.09
1161847.079,369384289,355606276,4.73
1161947.079,369384289,355606276,4.97
1162047.079,369384310,355605974,4.23
1162147.079,369384310,355605974,3.79
1162247.079,369384335,355605670,4.26
1162347.079,369384335,355605670,4.05
1162447.079,369384360,355605366,3.36
1162547.079,369384360,355605366,3.23
1162647.079,369384389,355605064,3.5
1162747.079,369384389,355605064,4.01
1162847.079,369384422,355604764,3.23
1162947.079,369384422,355604764,2.32
1163047.079,369384454,355604459,2.85
1163147.079,369384454,355604459,3.18
1163247.079,369384487,355604155,3.73
1163347.079,369384487,355604155,3.84
1163447.079,369384525,355603853,2.75
1163547.079,369384525,355603853,1.88
1163647.079,369384560,355603548,2.46
1163747.079,369384560,355603548,2.45
1163847.079,369384599,355603241,2.04
1163947.079,369384599,355603241,2.45
1164047.079,369384639,355602939,2.55
1164147.079,369384639,355602939,2.21
1164247.079,369384679,355602634,2.21
1164347.079,369384679,355602634,2.42
1164447.079,369384723,355602332,2.39
1164547.079,369384723,355602332,2.13
1164647.079,369384763,355602026,1.7
1164747.079,369384763,355602026,2.03
1164847.079,369384807,355601721,2.06
1164947.079,369384807,355601721,1.9
1165047.079,369384850,355601418,1.81
1165147.079,369384850,355601418,1.61
1165247.079,369384894,355601110,1.37
1165347.079,369384894,355601110,1.46
1165447.079,369384940,355600807,2.25
1165547.079,369384940,355600807,2.26
1165647.079,369384985,355600502,1.71
1165747.079,369384985,355600502,1.67
1165847.079,369385032,355600196,2.21
1165947.079,369385032,355600196,2.44
1166047.079,369385083,355599888,12.45
1166147.079,369385083,355599888,16.94
1166247.079,369385141,355599581,16.44
1166347.079,369385141,355599581,16.76
1166447.079,369385209,355599277,16.38
1166547.079,369385209,355599277,16.71
1166647.079,369385290,355598969,17.7
1166747.079,369385290,355598969,17.96
1166847.079,369385380,355598661,18.18
1166947.079,369385380,355598661,18.94
1167047.079,369385481,355598350,20
1167147.079,369385481,355598350,19.87
1167247.079,369385596,355598039,20.3
1167347.079,369385596,355598039,20.72
1167447.079,369385723,355597726,20.9
1167547.079,369385723,355597726,21.04
1167647.079,369385861,355597414,21.08
1167747.079,369385861,355597414,21.42
1167847.079,369386014,355597107,21.86
1167947.079,369386014,355597107,22.28
1168047.079,369386177,355596796,22.17
1168147.079,369386177,355596796,21.99
1168247.079,369386351,355596487,22.33
1168347.079,369386351,355596487,22.75
1168447.079,369386537,355596177,23.08
1168547.079,369386537,355596177,23.21
1168647.079,369386734,355595867,23.62
1168747.079,369386734,355595867,23.93
1168847.079,369386948,355595564,23.36
1168947.079,369386948,355595564,22.99
1169047.079,369387174,355595265,23.18
1169147.079,369387174,355595265,23.59
1169247.079,369387410,355594965,23.44
1169347.079,369387410,355594965,22.96
1169447.079,369387655,355594666,23.21
1169547.079,369387655,355594666,23.68
1169647.079,369387912,355594372,23.74
1169747.079,369387912,355594372,23.25
1169847.079,369388186,355594092,22.6
1169947.079,369388186,355594092,23.05
1170047.079,369388473,355593814,22.43
1170147.079,369388473,355593814,21.73
1170247.079,369388772,355593541,21.71
1170347.079,369388772,355593541,21.51
1170447.079,369389081,355593275,21.17
1170547.079,369389081,355593275,21.1
1170647.079,369389400,355593012,21.2
1170747.079,369389400,355593012,21.11
1170847.079,369389725,355592760,20.39
1170947.079,369389725,355592760,19.51
1171047.079,369390064,355592513,18.65
1171147.079,369390064,355592513,18.86
1171247.079,369390413,355592273,19.04
1171347.079,369390413,355592273,18.72
1171447.079,369390771,355592038,17.93
1171547.079,369390771,355592038,17.07
1171647.079,369391138,355591811,16.31
1171747.079,369391138,355591811,16.39
1171847.079,369391512,355591585,16.25
1171947.079,369391512,355591585,15.7
1172047.079,369391893,355591371,14.85
1172147.079,369391893,355591371,14.49
1172247.079,369392280,355591163,14.21
1172347.079,369392280,355591163,13.76
1172447.079,369392674,355590960,12.83
1172547.079,369392674,355590960,12.47
1172647.079,369393073,355590765,12.02
1172747.079,369393073,355590765,11.61
1172847.079,369393481,355590573,10.94
1172947.079,369393481,355590573,11.27
1173047.079,369393892,355590390,10.6
1173147.079,369393892,355590390,10.05
1173247.079,369394304,355590212,9.9
1173347.079,369394304,355590212,9.42
1173447.079,369394720,355590038,8.55
1173547.079,369394720,355590038,8.15
1173647.079,369395138,355589869,7.03
1173747.079,369395138,355589869,6.85
1173847.079,369395564,355589708,6.66
1173947.079,369395564,355589708,6.64
1174047.079,369395988,355589551,7.05
1174147.079,369395988,355589551,6.37
1174247.079,369396414,355589393,5.62
1174347.079,369396414,355589393,5.88
1174447.079,369396840,355589240,4.34
1174547.079,369396840,355589240,4.57
1174647.079,369397269,355589092,4.19
1174747.079,369397269,355589092,3.6
1174847.079,369397707,355588949,3.14
1174947.079,369397707,355588949,2.89
1175047.079,369398138,355588804,2.36
1175147.079,369398138,355588804,2.87
1175247.079,369398567,355588661,3.04
1175347.079,369398567,355588661,2.22
1175447.079,369398997,355588517,1.87
1175547.079,369398997,355588517,2.27
1175647.079,369399429,355588377,1.45
1175747.079,369399429,355588377,1.29
1175847.079,369399867,355588238,1.65
1175947.079,369399867,355588238,1.26
1176047.079,369400298,355588101,0.34
1176147.079,369400298,355588101,-0.56
1176247.079,369400727,355587963,0.16999999999999998
1176347.079,369400727,355587963,1.19
1176447.079,369401155,355587824,0.4
1176547.079,369401155,355587824,0.96
1176647.079,369401580,355587688,1.98
1176747.079,369401580,355587688,2.53
1176847.079,369402009,355587555,0.71
1176947.079,369402009,355587555,1.71
1177047.079,369402437,355587421,1.23
1177147.079,369402437,355587421,-1.5
1177247.079,369402861,355587289,-2.57
1177347.079,369402861,355587289,-2.61
1177447.079,369403281,355587151,-3.71
1177547.079,369403281,355587151,-3.23
1177647.079,369403700,355587016,-0.2899999999999999
1177747.079,369403700,355587016,-0.64
1177847.079,369404133,355586878,-0.28
1177947.079,369404133,355586878,-1.22
1178047.079,369404551,355586746,-2.24
1178147.079,369404551,355586746,-3.02
1178247.079,369404965,355586613,-2.38
1178347.079,369404965,355586613,-1.7
1178447.079,369405376,355586478,-2.05
1178547.079,369405376,355586478,-1.21
1178647.079,369405782,355586338,-2.07
1178747.079,369405782,355586338,-1.66
1178847.079,369406191,355586205,-0.83
1178947.079,369406191,355586205,-1.74
1179047.079,369406593,355586067,-1.52
1179147.079,369406593,355586067,-2.05
1179247.079,369406992,355585929,-0.97
1179347.079,369406992,355585929,-1.46
1179447.079,369407390,355585791,-2.36
1179547.079,369407390,355585791,-2.46
1179647.079,369407785,355585652,-1.64
1179747.079,369407785,355585652,-1.71
1179847.079,369408186,355585509,-2.08
1179947.079,369408186,355585509,-1.0500000000000003
1180047.079,369408579,355585370,13.81
1180147.079,369408579,355585370,28.66
1180247.079,369408973,355585244,43.84
1180347.079,369408973,355585244,48.42
1180447.079,369409380,355585167,45.8
1180547.079,369409380,355585167,45.54
1180647.079,369409796,355585152,44.71
1180747.079,369409796,355585152,43.41
1180847.079,369410222,355585173,43.93
1180947.079,369410222,355585173,44.82
1181047.079,369410646,355585212,44.73
1181147.079,369410646,355585212,45.17
1181247.079,369411077,355585284,45.53
1181347.079,369411077,355585284,45.54
1181447.079,369411503,355585411,44.88
1181547.079,369411503,355585411,44.69
1181647.079,369411910,355585600,43.92
1181747.079,369411910,355585600,42.87
1181847.079,369412327,355585817,43.88
1181947.079,369412327,355585817,44.04
1182047.079,369412731,355586061,44.77
1182147.079,369412731,355586061,44.67
1182247.079,369413122,355586340,44.11
1182347.079,369413122,355586340,44.55
1182447.079,369413486,355586669,44.94
1182547.079,369413486,355586669,45.18
1182647.079,369413843,355587021,44.94
1182747.079,369413843,355587021,44.97
1182847.079,369414176,355587410,44.71
1182947.079,369414176,355587410,43.07
1183047.079,369414466,355587843,42.92
1183147.079,369414466,355587843,44.48
1183247.079,369414733,355588300,44.99
1183347.079,369414733,355588300,44.6
1183447.079,369414971,355588779,45.59
1183547.079,369414971,355588779,45.78
1183647.079,369415182,355589275,45.32
1183747.079,369415182,355589275,44.97
1183847.079,369415373,355589782,44.67
1183947.079,369415373,355589782,45.75
1184047.079,369415533,355590305,45.84
1184147.079,369415533,355590305,44.01
1184247.079,369415666,355590837,44.98
1184347.079,369415666,355590837,45.45
1184447.079,369415755,355591377,45.02
1184547.079,369415755,355591377,44.61
1184647.079,369415809,355591918,43.6
1184747.079,369415809,355591918,44.19
1184847.079,369415832,355592460,45.44
1184947.079,369415832,355592460,45.25
1185047.079,369415820,355592997,43.56
1185147.079,369415820,355592997,42.44
1185247.079,369415781,355593520,45.83
1185347.079,369415781,355593520,47.36
1185447.079,369415709,355594023,46.23
1185547.079,369415709,355594023,45.31
1185647.079,369415603,355594509,44.2
1185747.079,369415603,355594509,44.13
1185847.079,369415466,355594964,44.89
1185947.079,369415466,355594964,45.13
1186047.079,369415310,355595403,45.11
1186147.079,369415310,355595403,45.04
1186247.079,369415124,355595814,44.75
1186347.079,369415124,355595814,44.09
1186447.079,369414911,355596187,41.99
1186547.079,369414911,355596187,40.93
1186647.079,369414686,355596533,39.42
1186747.079,369414686,355596533,38.16
1186847.079,369414448,355596855,35.96
1186947.079,369414448,355596855,34.76
1187047.079,369414206,355597162,34.39
1187147.079,369414206,355597162,34.74
1187247.079,369413952,355597437,32.29
1187347.079,369413952,355597437,31.26
1187447.079,369413689,355597676,29.07
1187547.079,369413689,355597676,27.15
1187647.079,369413424,355597898,21.51
1187747.079,369413424,355597898,21.64
1187847.079,369413155,355598110,23.6
1187947.079,369413155,355598110,23.13
1188047.079,369412892,355598306,21.41
1188147.079,369412892,355598306,22.17
1188247.079,369412630,355598483,21.77
1188347.079,369412630,355598483,18.99
1188447.079,369412368,355598639,16.1
1188547.079,369412368,355598639,15.82
1188647.079,369412111,355598788,15.27
1188747.079,369412111,355598788,14.62
1188847.079,369411856,355598933,12.9
1188947.079,369411856,355598933,12.3
1189047.079,369411602,355599065,12.73
1189147.079,369411602,355599065,12.1
1189247.079,369411351,355599183,11.2
1189347.079,369411351,355599183,10.31
1189447.079,369411103,355599289,9.45
1189547.079,369411103,355599289,9.15
1189647.079,369410859,355599392,7.83
1189747.079,369410859,355599392,8.08
1189847.079,369410616,355599493,9.29
1189947.079,369410616,355599493,7.66
1190047.079,369410376,355599587,7.41
1190147.079,369410376,355599587,7.18
1190247.079,369410139,355599672,6.92
1190347.079,369410139,355599672,7.73
1190447.079,369409905,355599753,6.87
1190547.079,369409905,355599753,6.21
1190647.079,369409671,355599829,6.25
1190747.079,369409671,355599829,6.23
1190847.079,369409437,355599911,6.47
1190947.079,369409437,355599911,6.08
1191047.079,369409210,355599982,5.19
1191147.079,369409210,355599982,5.06
1191247.079,369408985,355600048,4.63
1191347.079,369408985,355600048,4.7
1191447.079,369408760,355600109,4.85
1191547.079,369408760,355600109,4.86
1191647.079,369408538,355600167,5.28
1191747.079,369408538,355600167,4.39
1191847.079,369408320,355600232,3.83
1191947.079,369408320,355600232,3.81
1192047.079,369408101,355600285,3.98
1192147.079,369408101,355600285,3.72
1192247.079,369407883,355600335,3.78
1192347.079,369407883,355600335,3.65
1192447.079,369407669,355600384,3.21
1192547.079,369407669,355600384,2.86
1192647.079,369407450,355600435,3.35
1192747.079,369407450,355600435,3.45
1192847.079,369407245,355600498,2.73
1192947.079,369407245,355600498,2.43
1193047.079,369407037,355600543,2.99
1193147.079,369407037,355600543,2.71
1193247.079,369406827,355600584,2.64
1193347.079,369406827,355600584,2.76
1193447.079,369406620,355600625,2.17
1193547.079,369406620,355600625,2.33
1193647.079,369406415,355600665,2.42
1193747.079,369406415,355600665,1.99
1193847.079,369406212,355600725,2.68
1193947.079,369406212,355600725,2.66
1194047.079,369406009,355600762,1.7
1194147.079,369406009,355600762,1.53
1194247.079,369405805,355600798,1.83
1194347.079,369405805,355600798,1.67
1194447.079,369405604,355600833,1.84
1194547.079,369405604,355600833,1.58
1194647.079,369405402,355600869,1.58
1194747.079,369405402,355600869,0.97
1194847.079,369405199,355600929,-0.62
1194947.079,369405199,355600929,-0.19
1195047.079,369404995,355600967,-1.4
1195147.079,369404995,355600967,-2.01
1195247.079,369404797,355601000,-2.99
1195347.079,369404797,355601000,-3.75
1195447.079,369404596,355601042,-4.53
1195547.079,369404596,355601042,-4.79
1195647.079,369404397,355601082,-5.55
1195747.079,369404397,355601082,-4.19
1195847.079,369404190,355601152,5.4
1195947.079,369404190,355601152,8.1
1196047.079,369403988,355601200,8.84
1196147.079,369403988,355601200,9.54
1196247.079,369403793,355601233,7.02
1196347.079,369403793,355601233,6.88
1196447.079,369403598,355601261,6.84
1196547.079,369403598,355601261,6.75
1196647.079,369403402,355601290,7.58
1196747.079,369403402,355601290,7.33
1196847.079,369403204,355601326,7.38
1196947.079,369403204,355601326,7.65
1197047.079,369403008,355601348,7.88
1197147.079,369403008,355601348,7.81
1197247.079,369402814,355601363,7.25
1197347.079,369402814,355601363,6.64
1197447.079,369402621,355601372,7.07
1197547.079,369402621,355601372,7.22
1197647.079,369402430,355601375,6.87
1197747.079,369402430,355601375,4.67
1197847.079,369402232,355601395,-1.2
1197947.079,369402232,355601395,-0.38
1198047.079,369402040,355601399,-0.39
1198147.079,369402040,355601399,-0.37
1198247.079,369401843,355601404,0.65
1198347.079,369401843,355601404,0.48
1198447.079,369401648,355601408,0.31
1198547.079,369401648,355601408,0.15
1198647.079,369401453,355601407,0.05
1198747.079,369401453,355601407,0.54
1198847.079,369401250,355601426,0.42
1198947.079,369401250,355601426,0.22
1199047.079,369401052,355601435,-0.06
1199147.079,369401052,355601435,-0.56
1199247.079,369400854,355601438,0.18
1199347.079,369400854,355601438,0.78
1199447.079,369400650,355601444,0.41
1199547.079,369400650,355601444,-0.06
1199647.079,369400449,355601448,0.15
1199747.079,369400449,355601448,0.24
1199847.079,369400257,355601457,0.44
1199947.079,369400257,355601457,0.24
1200047.079,369400049,355601466,-0.05000000000000002
1200147.079,369400049,355601466,0.59
1200247.079,369399843,355601467,0.10999999999999999
1200347.079,369399843,355601467,0.13
1200447.079,369399637,355601477,0.1
1200547.079,369399637,355601477,-0.11999999999999998
1200647.079,369399430,355601485,-0.29
1200747.079,369399430,355601485,0.2
1200847.079,369399233,355601501,0.08000000000000002
1200947.079,369399233,355601501,-0.09
1201047.079,369399024,355601512,0.57
1201147.079,369399024,355601512,-0.030000000000000027
1201247.079,369398816,355601521,-0.65
1201347.079,369398816,355601521,0
1201447.079,369398608,355601532,-0.72
1201547.079,369398608,355601532,-0.46
1201647.079,369398402,355601542,0.92
1201747.079,369398402,355601542,0.59
1201847.079,369398192,355601569,0.09
1201947.079,369398192,355601569,-0.11000000000000001
1202047.079,369397980,355601584,-0.27
1202147.079,369397980,355601584,0.18000000000000002
1202247.079,369397769,355601598,0.41
1202347.079,369397769,355601598,0.08000000000000002
1202447.079,369397561,355601609,0.09999999999999999
1202547.079,369397561,355601609,0.48
1202647.079,369397348,355601624,0.33
1202747.079,369397348,355601624,-0.07
1202847.079,369397146,355601654,-1.12
1202947.079,369397146,355601654,-0.77
1203047.079,369396930,355601673,1.2
1203147.079,369396930,355601673,1.04
1203247.079,369396716,355601690,-0.35
1203347.079,369396716,355601690,0.01999999999999999
1203447.079,369396503,355601706,-0.57
1203547.079,369396503,355601706,-0.10999999999999999
1203647.079,369396292,355601724,0.38
1203747.079,369396292,355601724,0.22
1203847.079,369396083,355601759,0.49
1203947.079,369396083,355601759,0.8
1204047.079,369395868,355601782,-0.19
1204147.079,369395868,355601782,0.13
1204247.079,369395655,355601802,0.15999999999999998
1204347.079,369395655,355601802,-0.6000000000000001
1204447.079,369395440,355601825,-0.20999999999999996
1204547.079,369395440,355601825,0.26
1204647.079,369395226,355601850,0.57
1204747.079,369395226,355601850,0.020000000000000018
1204847.079,369395012,355601885,0.32
1204947.079,369395012,355601885,0.66
1205047.079,369394798,355601911,-0.11
1205147.079,369394798,355601911,0.27
1205247.079,369394583,355601939,-0.03
1205347.079,369394583,355601939,-0.04000000000000001
1205447.079,369394370,355601962,0.38
1205547.079,369394370,355601962,-0.16999999999999998
1205647.079,369394155,355601990,0.27999999999999997
1205747.079,369394155,355601990,-0.010000000000000009
1205847.079,369393948,355602019,-0.36
1205947.079,369393948,355602019,0.03999999999999998
1206047.079,369393734,355602046,0.66
1206147.079,369393734,355602046,-0.07
1206247.079,369393521,355602075,0.04000000000000001
1206347.079,369393521,355602075,0.48
1206447.079,369393306,355602106,0.41
1206547.079,369393306,355602106,-0.020000000000000018
1206647.079,369393090,355602139,0.01999999999999999
1206747.079,369393090,355602139,0.6
1206847.079,369392880,355602179,0.32
1206947.079,369392880,355602179,0.58
1207047.079,369392666,355602209,-0.010000000000000009
1207147.079,369392666,355602209,0.04000000000000001
1207247.079,369392452,355602242,0.39
1207347.079,369392452,355602242,0.38
1207447.079,369392234,355602277,0.44
1207547.079,369392234,355602277,-0.48
1207647.079,369392020,355602312,-0.6
1207747.079,369392020,355602312,0.52
1207847.079,369391805,355602350,0.28
1207947.079,369391805,355602350,0.66
1208047.079,369391590,355602391,0.57
1208147.079,369391590,355602391,0.18
1208247.079,369391378,355602428,0.42
1208347.079,369391378,355602428,0.55
1208447.079,369391164,355602465,0.14
1208547.079,369391164,355602465,0.31
1208647.079,369390948,355602505,0.64
1208747.079,369390948,355602505,0.06
1208847.079,369390735,355602546,1.04
1208947.079,369390735,355602546,1.09
1209047.079,369390521,355602585,0.26
1209147.079,369390521,355602585,0.39
1209247.079,369390307,355602626,0.52
1209347.079,369390307,355602626,0.66
1209447.079,369390094,355602665,-0.26
1209547.079,369390094,355602665,-0.21000000000000002
1209647.079,369389877,355602710,0.10999999999999999
1209747.079,369389877,355602710,-0.43
1209847.079,369389668,355602753,1.1
1209947.079,369389668,355602753,-0.030000000000000027
1210047.079,369389451,355602796,0.29
1210147.079,369389451,355602796,0.25
1210247.079,369389236,355602838,-0.04000000000000001
1210347.079,369389236,355602838,0.66
1210447.079,369389021,355602884,0.64
1210547.079,369389021,355602884,0.5
1210647.079,369388806,355602928,-0.15000000000000002
1210747.079,369388806,355602928,-0.3
1210847.079,369388596,355602973,0.37
1210947.079,369388596,355602973,0.38
1211047.079,369388381,355603020,-0.26
1211147.079,369388381,355603020,-0.05000000000000002
1211247.079,369388167,355603068,0.15
1211347.079,369388167,355603068,0.04
1211447.079,369387948,355603120,-0.11
1211547.079,369387948,355603120,-0.07
1211647.079,369387734,355603169,0.12
1211747.079,369387734,355603169,0.23
1211847.079,369387514,355603222,0.3
1211947.079,369387514,355603222,-0.16000000000000003
1212047.079,369387299,355603274,-0.86
1212147.079,369387299,355603274,-0.47
1212247.079,369387082,355603328,0
1212347.079,369387082,355603328,0.39
1212447.079,369386866,355603379,0.62
1212547.079,369386866,355603379,0.54
1212647.079,369386649,355603434,0.5
1212747.079,369386649,355603434,0.45
1212847.079,369386438,355603487,0.2
1212947.079,369386438,355603487,-0.07
1213047.079,369386218,355603545,-0.05
1213147.079,369386218,355603545,0.25
1213247.079,369386003,355603600,0.9
1213347.079,369386003,355603600,0.38
1213447.079,369385786,355603657,-0.64
1213547.079,369385786,355603657,-0.14999999999999997
1213647.079,369385566,355603717,0.43
1213747.079,369385566,355603717,-0.1
1213847.079,369385347,355603781,0.17
1213947.079,369385347,355603781,0.09
1214047.079,369385130,355603839,-0.16
1214147.079,369385130,355603839,0.15
1214247.079,369384910,355603902,0.35
1214347.079,369384910,355603902,-0.03
1214447.079,369384693,355603963,-0.08999999999999998
1214547.079,369384693,355603963,0.04
1214647.079,369384475,355604026,0
1214747.079,369384475,355604026,-0.22
1214847.079,369384257,355604085,-0.59
1214947.079,369384257,355604085,-1.05
1215047.079,369384037,355604151,-0.25
1215147.079,369384037,355604151,0.22999999999999998
1215247.079,369383820,355604215,0.07
1215347.079,369383820,355604215,0.03
1215447.079,369383598,355604279,-0.19
1215547.079,369383598,355604279,-0.57
1215647.079,369383380,355604348,-0.45
1215747.079,369383380,355604348,0.49
1215847.079,369383165,355604411,0.51
1215947.079,369383165,355604411,0.14
1216047.079,369382945,355604481,0.46
1216147.079,369382945,355604481,0.17
1216247.079,369382726,355604551,0.73
1216347.079,369382726,355604551,0.68
1216447.079,369382506,355604621,0.09
1216547.079,369382506,355604621,0.61
1216647.079,369382288,355604687,9.2
1216747.079,369382288,355604687,22.39
1216847.079,369382071,355604738,38.09
1216947.079,369382071,355604738,38.04
1217047.079,369381860,355604759,35.16
1217147.079,369381860,355604759,34.26
1217247.079,369381659,355604731,31.77
1217347.079,369381659,355604731,31.47
1217447.079,369381469,355604676,31.15
1217547.079,369381469,355604676,31
1217647.079,369381282,355604605,31.92
1217747.079,369381282,355604605,31.83
1217847.079,369381095,355604511,31.77
1217947.079,369381095,355604511,31.79
1218047.079,369380922,355604394,31.74
1218147.079,369380922,355604394,31.63
1218247.079,369380767,355604251,31.36
1218347.079,369380767,355604251,30.81
1218447.079,369380623,355604090,31.07
1218547.079,369380623,355604090,31.61
1218647.079,369380490,355603914,31.85
1218747.079,369380490,355603914,31.9
1218847.079,369380367,355603718,31.73
1218947.079,369380367,355603718,31.52
1219047.079,369380257,355603509,31.65
1219147.079,369380257,355603509,31.65
1219247.079,369380161,355603286,31.84
1219347.079,369380161,355603286,31.84
1219447.079,369380080,355603047,31.38
1219547.079,369380080,355603047,30.92
1219647.079,369380015,355602795,30.11
1219747.079,369380015,355602795,31.24
1219847.079,369379961,355602522,31.83
1219947.079,369379961,355602522,30.98
1220047.079,369379925,355602248,30.57
1220147.079,369379925,355602248,30.48
1220247.079,369379904,355601964,28.87
1220347.079,369379904,355601964,29.27
1220447.079,369379903,355601670,31.04
1220547.079,369379903,355601670,30.12
1220647.079,369379917,355601370,29.59
1220747.079,369379917,355601370,29.14
1220847.079,369379950,355601053,28.59
1220947.079,369379950,355601053,29.56
1221047.079,369380000,355600739,28.64
1221147.079,369380000,355600739,27.99
1221247.079,369380067,355600421,27.67
1221347.079,369380067,355600421,27.77
1221447.079,369380154,355600099,28.41
1221547.079,369380154,355600099,28.47
1221647.079,369380256,355599777,28.7
1221747.079,369380256,355599777,25.15
1221847.079,369380370,355599455,8.530000000000001
1221947.079,369380370,355599455,0.16000000000000014
1222047.079,369380489,355599138,-1.38
1222147.079,369380489,355599138,-0.08999999999999986
1222247.079,369380602,355598821,1.22
1222347.079,369380602,355598821,1.4
1222447.079,369380719,355598505,0.77
1222547.079,369380719,355598505,0.72
1222647.079,369380838,355598189,0.73
1222747.079,369380838,355598189,0.29
1222847.079,369380958,355597873,0.21
1222947.079,369380958,355597873,0.47
1223047.079,369381080,355597558,0.89
1223147.079,369381080,355597558,0.83
1223247.079,369381200,355597244,0.51
1223347.079,369381200,355597244,0.65
1223447.079,369381319,355596932,1.1
1223547.079,369381319,355596932,0.92
1223647.079,369381438,355596621,0.37
1223747.079,369381438,355596621,0.2
1223847.079,369381560,355596313,-0.039999999999999994
1223947.079,369381560,355596313,-0.15
1224047.079,369381681,355596002,0.44
1224147.079,369381681,355596002,1.09
1224247.079,369381802,355595689,0.85
1224347.079,369381802,355595689,0.86
1224447.079,369381921,355595373,0.53
1224547.079,369381921,355595373,0.23
1224647.079,369382040,355595059,0.88
1224747.079,369382040,355595059,0.98
1224847.079,369382161,355594739,0.48
1224947.079,369382161,355594739,0.7
1225047.079,369382278,355594422,0.78
1225147.079,369382278,355594422,0.51
1225247.079,369382398,355594107,10.96
1225347.079,369382398,355594107,24.76
1225447.079,369382532,355593795,40.74
1225547.079,369382532,355593795,44.42
1225647.079,369382702,355593476,42.13
1225747.079,369382702,355593476,42.11
1225847.079,369382921,355593178,42.92
1225947.079,369382921,355593178,43.32
1226047.079,369383168,355592885,44.48
1226147.079,369383168,355592885,45.15
1226247.079,369383422,355592590,44.6
1226347.079,369383422,355592590,44.08
1226447.079,369383700,355592305,44.57
1226547.079,369383700,355592305,44.97
1226647.079,369384020,355592037,45.14
1226747.079,369384020,355592037,45.14
1226847.079,369384360,355591794,44.58
1226947.079,369384360,355591794,44.69
1227047.079,369384743,355591587,45.22
1227147.079,369384743,355591587,44.96
1227247.079,369385150,355591409,44.4
1227347.079,369385150,355591409,44.32
1227447.079,369385575,355591254,44.92
1227547.079,369385575,355591254,44.81
1227647.079,369386013,355591116,45.84
1227747.079,369386013,355591116,45.31
1227847.079,369386464,355591005,44.38
1227947.079,369386464,355591005,45.01
1228047.079,369386937,355590937,44.58
1228147.079,369386937,355590937,42.28
1228247.079,369387424,355590912,29.13
1228347.079,369387424,355590912,17.59
1228447.079,369387918,355590908,0.9800000000000004
1228547.079,369387918,355590908,-7.83
1228647.079,369388409,355590901,-10.39
1228747.079,369388409,355590901,-9.58
1228847.079,369388900,355590886,-8.49
1228947.079,369388900,355590886,-7.58
1229047.079,369389382,355590865,-7.3
1229147.079,369389382,355590865,-7.54
1229247.079,369389862,355590843,-9.25
1229347.079,369389862,355590843,-10.62
1229447.079,369390340,355590813,-10.13
1229547.079,369390340,355590813,-10.42
1229647.079,369390814,355590774,-9.91
1229747.079,369390814,355590774,-8.02
1229847.079,369391285,355590723,-7.94
1229947.079,369391285,355590723,-7.72
1230047.079,369391752,355590670,-7.49
1230147.079,369391752,355590670,-7.49
1230247.079,369392215,355590613,-6.92
1230347.079,369392215,355590613,-7.43
1230447.079,369392675,355590556,-7.27
1230547.079,369392675,355590556,-7
1230647.079,369393134,355590491,-7.42
1230747.079,369393134,355590491,-2.97
1230847.079,369393592,355590426,1.84
1230947.079,369393592,355590426,0.77
1231047.079,369394045,355590359,-0.62
1231147.079,369394045,355590359,-0.43
1231247.079,369394499,355590292,-0.34
1231347.079,369394499,355590292,0.14000000000000004
1231447.079,369394951,355590225,0.18000000000000002
1231547.079,369394951,355590225,-0.16
1231647.079,369395403,355590157,0.22
1231747.079,369395403,355590157,0.96
1231847.079,369395857,355590088,1.67
1231947.079,369395857,355590088,1.29
1232047.079,369396308,355590020,-0.72
1232147.079,369396308,355590020,-1.59
1232247.079,369396757,355589950,-0.53
1232347.079,369396757,355589950,-0.16
1232447.079,369397206,355589881,0.05999999999999994
1232547.079,369397206,355589881,0.62
1232647.079,369397655,355589812,-0.10000000000000003
1232747.079,369397655,355589812,-0.57
1232847.079,369398107,355589742,-1.43
1232947.079,369398107,355589742,-1.9
1233047.079,369398556,355589673,1.06
1233147.079,369398556,355589673,0.95
1233247.079,369399006,355589602,0.18
1233347.079,369399006,355589602,0.75
1233447.079,369399453,355589533,0.34
1233547.079,369399453,355589533,1.18
1233647.079,369399901,355589463,-0.27999999999999997
1233747.079,369399901,355589463,-0.45
1233847.079,369400349,355589389,-1.06
1233947.079,369400349,355589389,-9.35
1234047.079,369400788,355589312,-18.43
1234147.079,369400788,355589312,-17.57
1234247.079,369401223,355589225,-15.76
1234347.079,369401223,355589225,-15.56
1234447.079,369401651,355589125,-13.97
1234547.079,369401651,355589125,-13.33
1234647.079,369402074,355589018,-11.97
1234747.079,369402074,355589018,-11.59
1234847.079,369402495,355588905,-12.73
1234947.079,369402495,355588905,-12.88
1235047.079,369402909,355588784,-13.26
1235147.079,369402909,355588784,-12.19
1235247.079,369403318,355588651,-10.15
1235347.079,369403318,355588651,-10.07
1235447.079,369403724,355588512,-8.88
1235547.079,369403724,355588512,-8.54
1235647.079,369404125,355588370,-8.68
1235747.079,369404125,355588370,-8.54
1235847.079,369404525,355588224,-9.04
1235947.079,369404525,355588224,-9.47
1236047.079,369404917,355588071,-8.84
1236147.079,369404917,355588071,-7.59
1236247.079,369405305,355587910,-6.61
1236347.079,369405305,355587910,-6.59
1236447.079,369405690,355587748,-6.21
1236547.079,369405690,355587748,-7.21
1236647.079,369406072,355587584,-6.44
1236747.079,369406072,355587584,-6.59
1236847.079,369406451,355587417,-6.89
1236947.079,369406451,355587417,-6.88
1237047.079,369406825,355587244,-6.43
1237147.079,369406825,355587244,-5.62
1237247.079,369407196,355587067,-6
1237347.079,369407196,355587067,-6.45
1237447.079,369407565,355586886,-5.04
1237547.079,369407565,355586886,-4.8
1237647.079,369407931,355586703,-4.29
1237747.079,369407931,355586703,-3.63
1237847.079,369408298,355586517,-5.48
1237947.079,369408298,355586517,-5.06
1238047.079,369408660,355586326,-2.58
1238147.079,369408660,355586326,12.49
1238247.079,369409023,355586139,25.63
1238347.079,369409023,355586139,37.13
1238447.079,369409392,355585968,48.91
1238547.079,369409392,355585968,47.13
1238647.079,369409782,355585850,45.21
1238747.079,369409782,355585850,44.2
1238847.079,369410191,355585801,43.24
1238947.079,369410191,355585801,44.08
1239047.079,369410618,355585779,39.18
1239147.079,369410618,355585779,29.06
1239247.079,369411040,355585765,13.39
1239347.079,369411040,355585765,2.3499999999999996
1239447.079,369411464,355585755,-2.59
1239547.079,369411464,355585755,0.07000000000000028
1239647.079,369411888,355585742,2.7
1239747.079,369411888,355585742,1.6
1239847.079,369412312,355585736,0.27
1239947.079,369412737,355585733,0.31
1240047.079,369412737,355585733,1.19
1240147.079,369412737,355585733,0.32
1240247.079,369413163,355585732,0.11000000000000001
1240347.079,369413163,355585732,-0.23000000000000004
1240447.079,369413588,355585729,-0.77
1240547.079,369413588,355585729,0.07
1240647.079,369414012,355585723,0.6
1240747.079,369414012,355585723,0.27
1240847.079,369414437,355585718,0.78
1240947.079,369414437,355585718,0.93
1241047.079,369414859,355585712,0.31
1241147.079,369414859,355585712,-0.81
1241247.079,369415281,355585705,0.5899999999999999
1241347.079,369415702,355585698,1.01
1241447.079,369415702,355585698,3.9
1241547.079,369415702,355585698,3
1241647.079,369416122,355585691,-0.97
1241747.079,369416122,355585691,-0.52
1241847.079,369416542,355585686,-0.35
1241947.079,369416542,355585686,0.55
1242047.079,369416961,355585678,1.53
1242147.079,369416961,355585678,2.44
1242247.079,369417378,355585670,1.12
1242347.079,369417378,355585670,0.31
1242447.079,369417795,355585662,0.85
1242547.079,369417795,355585662,0.030000000000000027
1242647.079,369418211,355585652,0.31
1242747.079,369418211,355585652,0.09
1242847.079,369418629,355585646,1.41
1242947.079,369418629,355585646,2.27
1243047.079,369419044,355585637,0.57
1243147.079,369419044,355585637,-0.21
1243247.079,369419459,355585627,0.94
1243347.079,369419459,355585627,-0.23000000000000004
1243447.079,369419875,355585615,-0.20999999999999996
1243547.079,369419875,355585615,1.11
1243647.079,369420291,355585602,-0.56
1243747.079,369420291,355585602,-0.75
1243847.079,369420711,355585589,1.19
1243947.079,369420711,355585589,-0.21999999999999997
1244047.079,369421126,355585572,0.59
1244147.079,369421126,355585572,-0.15000000000000002
1244247.079,369421540,355585555,-2.09
1244347.079,369421540,355585555,-1.16
1244447.079,369421956,355585539,-1.05
1244547.079,369421956,355585539,-0.3
1244647.079,369422370,355585523,-0.6099999999999999
1244747.079,369422370,355585523,-0.71
1244847.079,369422788,355585505,0.55
1244947.079,369422788,355585505,0.17000000000000004
1245047.079,369423201,355585485,0.9199999999999999
1245147.079,369423201,355585485,0.41
1245247.079,369423616,355585466,-0.08000000000000002
1245347.079,369424030,355585447,0.05000000000000002
1245447.079,369424030,355585447,-1.09
1245547.079,369424030,355585447,1.3899999999999997
1245647.079,369424446,355585428,19.23
1245747.079,369424446,355585428,32.63
1245847.079,369424862,355585417,46.82
1245947.079,369424862,355585417,48.15
1246047.079,369425275,355585452,45
1246147.079,369425275,355585452,44.84
1246247.079,369425688,355585553,44.23
1246347.079,369425688,355585553,44.5
1246447.079,369426099,355585688,44.64
1246547.079,369426099,355585688,44.47
1246647.079,369426511,355585833,43.59
1246747.079,369426914,355585981,44.76
1246847.079,369426914,355585981,44.91
1246947.079,369426914,355585981,43.77
1247047.079,369427307,355586175,44.05
1247147.079,369427307,355586175,44.37
1247247.079,369427689,355586425,44.04
1247347.079,369427689,355586425,44.39
1247447.079,369428053,355586722,44.6
1247547.079,369428053,355586722,44.22
1247647.079,369428398,355587050,42.85
1247747.079,369428398,355587050,43
1247847.079,369428727,355587410,44.15
1247947.079,369428727,355587410,44.27
1248047.079,369429024,355587811,43.47
1248147.079,369429024,355587811,44.16
1248247.079,369429284,355588247,44.36
1248347.079,369429284,355588247,44.57
1248447.079,369429517,355588704,44.88
1248547.079,369429517,355588704,44.63
1248647.079,369429723,355589177,45.06
1248747.079,369429723,355589177,44.81
1248847.079,369429908,355589656,44.2
1248947.079,369429908,355589656,44.59
1249047.079,369430056,355590155,43.91
1249147.079,369430056,355590155,44.14
1249247.079,369430177,355590660,44.37
1249347.079,369430177,355590660,43.67
1249447.079,369430266,355591170,44.12
1249547.079,369430316,355591678,44.07
1249647.079,369430316,355591678,43.67
1249747.079,369430316,355591678,43.61
1249847.079,369430330,355592177,43.41
1249947.079,369430330,355592177,43.51
1250047.079,369430318,355592668,44.68
1250147.079,369430318,355592668,45.16
1250247.079,369430273,355593151,44.63
1250347.079,369430273,355593151,44.34
1250447.079,369430207,355593626,44.38
1250547.079,369430207,355593626,44.09
1250647.079,369430117,355594088,45.55
1250747.079,369429998,355594525,45.14
1250847.079,369429998,355594525,40.75
1250947.079,369429851,355594935,29.29
1251047.079,369429851,355594935,11.49
1251147.079,369429700,355595346,1.9799999999999995
1251247.079,369429700,355595346,-2.26
1251347.079,369429700,355595346,0.2400000000000001
1251447.079,369429550,355595756,1.1
1251547.079,369429395,355596161,1.52
1251647.079,369429395,355596161,1.75
1251747.079,369429242,355596565,1.22
1251847.079,369429242,355596565,0.66
1251947.079,369429090,355596966,0.68
1252047.079,369429090,355596966,-0.08999999999999997
1252147.079,369428938,355597368,0
1252247.079,369428938,355597368,1.03
1252347.079,369428786,355597771,1.18
1252447.079,369428786,355597771,1.2
1252547.079,369428786,355597771,0.6
1252647.079,369428635,355598172,0.48
1252747.079,369428635,355598172,2.38
1252847.079,369428483,355598571,0.1100000000000001
1252947.079,369428483,355598571,0.07
1253047.079,369428330,355598969,0.99
1253147.079,369428330,355598969,1.23
1253247.079,369428177,355599367,1.14
1253347.079,369428177,355599367,0.39
1253447.079,369428023,355599767,-0.74
1253547.079,369427872,355600168,-0.52
1253647.079,369427872,355600168,1.88
1253747.079,369427722,355600571,2.7
1253847.079,369427722,355600571,3.71
1253947.079,369427569,355600972,3.9
1254047.079,369427569,355600972,0.7799999999999998
1254147.079,369427569,355600972,-1.06
1254247.079,369427414,355601374,-0.6
1254347.079,369427258,355601778,-0.44
1254447.079,369427258,355601778,-0.44
1254547.079,369427258,355601778,-0.23
1254647.079,369427104,355602184,0.17000000000000004
1254747.079,369426948,355602587,-0.83
1254847.079,369426948,355602587,0.74
1254947.079,369426795,355602990,0.56
1255047.079,369426795,355602990,-0.31
1255147.079,369426795,355602990,-0.26
1255247.079,369426644,355603392,0.8799999999999999
1255347.079,369426494,355603793,1.07
1255447.079,369426494,355603793,0.88
1255547.079,369426494,355603793,0.15000000000000002
1255647.079,369426345,355604195,-0.59
1255747.079,369426345,355604195,-0.58
1255847.079,369426197,355604596,-0.14
1255947.079,369426197,355604596,0.53
1256047.079,369426049,355604995,1
1256147.079,369425903,355605389,0.34
1256247.079,369425903,355605389,0.64
1256347.079,369425903,355605389,0.22999999999999998
1256447.079,369425759,355605781,-0.79
1256547.079,369425759,355605781,-1.25
1256647.079,369425617,355606176,0.44
1256747.079,369425475,355606571,0.19
1256847.079,369425475,355606571,0.34
1256947.079,369425475,355606571,2.61
1257047.079,369425334,355606964,8.68
1257147.079,369425334,355606964,11.57
1257247.079,369425187,355607352,14.83
1257347.079,369425039,355607734,14.54
1257447.079,369425039,355607734,16.18
1257547.079,369424889,355608111,17.42
1257647.079,369424889,355608111,20.47
1257747.079,369424729,355608479,21.23
1257847.079,369424729,355608479,19.44
1257947.079,369424564,355608834,18.92
1258047.079,369424564,355608834,19.19
1258147.079,369424391,355609173,20.28
1258247.079,369424391,355609173,19.39
1258347.079,369424391,355609173,18.33
1258447.079,369424212,355609498,20.67
1258547.079,369424024,355609807,24.4
1258647.079,369424024,355609807,26.48
1258747.079,369423823,355610100,25.84
1258847.079,369423823,355610100,25.89
1258947.079,369423619,355610374,25.3
1259047.079,369423619,355610374,24.55
1259147.079,369423408,355610632,28.35
1259247.079,369423408,355610632,30.88
1259347.079,369423193,355610869,30.45
1259447.079,369423193,355610869,28.98
1259547.079,369422970,355611083,25.64
1259647.079,369422970,355611083,17.86
1259747.079,369422734,355611280,15.92
1259847.079,369422734,355611280,17.83
1259947.079,369422504,355611469,18.69
1260047.079,369422504,355611469,19.78
1260147.079,369422272,355611646,20.11
1260247.079,369422272,355611646,22.5
1260347.079,369422039,355611805,23.7
1260447.079,369422039,355611805,24.02
1260547.079,369422039,355611805,23.63
1260647.079,369421806,355611945,22.86
1260747.079,369421552,355612068,22.82
1260847.079,369421552,355612068,24.46
1260947.079,369421311,355612178,25.24
1261047.079,369421311,355612178,25.18
1261147.079,369421076,355612271,25.07
1261247.079,369421076,355612271,20.81
1261347.079,369420841,355612350,19.67
1261447.079,369420841,355612350,21.64
1261547.079,369420607,355612413,22.72
1261647.079,369420607,355612413,22.9
1261747.079,369420357,355612454,24.46
1261847.079,369420357,355612454,23.26
1261947.079,369420122,355612466,22.63
1262047.079,369420122,355612466,20.89
1262147.079,369419894,355612460,20.41
1262247.079,369419894,355612460,22.11
1262347.079,369419894,355612460,23.46
1262447.079,369419670,355612441,22.19
1262547.079,369419670,355612441,22.54
1262647.079,369419447,355612405,21.28
1262747.079,369419447,355612405,20.05
1262847.079,369419221,355612365,20.78
1262947.079,369419012,355612303,22.01
1263047.079,369419012,355612303,20.06
1263147.079,369418808,355612227,20.01
1263247.079,369418808,355612227,18.29
1263347.079,369418609,355612138,18.17
1263447.079,369418609,355612138,17.07
1263547.079,369418609,355612138,18.54
1263647.079,369418418,355612034,20.46
1263747.079,369418233,355611916,20.25
1263847.079,369418233,355611916,19.47
1263947.079,369418055,355611785,17.65
1264047.079,369418055,355611785,18.38
1264147.079,369417882,355611649,15.75
1264247.079,369417882,355611649,12.93
1264347.079,369417712,355611504,14.06
1264447.079,369417712,355611504,15.85
1264547.079,369417547,355611350,17.49
1264647.079,369417547,355611350,13.55
1264747.079,369417388,355611190,14.73
1264847.079,369417388,355611190,12.59
1264947.079,369417236,355611021,10.9
1265047.079,369417236,355611021,12.11
1265147.079,369417236,355611021,12.58
1265247.079,369417086,355610848,10.56
1265347.079,369417086,355610848,10.97
1265447.079,369416942,355610668,10.69
1265547.079,369416942,355610668,10.05
1265647.079,369416801,355610482,8.24
1265747.079,369416664,355610291,6.45
1265847.079,369416664,355610291,4.83
1265947.079,369416664,355610291,4.16
1266047.079,369416529,355610101,1.76
1266147.079,369416529,355610101,3.48
1266247.079,369416395,355609910,2.83
1266347.079,369416395,355609910,2.18
1266447.079,369416263,355609720,1.13
1266547.079,369416263,355609720,0.75
1266647.079,369416129,355609529,1.14
1266747.079,369415998,355609338,3.3999999999999995
1266847.079,369415998,355609338,2.9
1266947.079,369415998,355609338,-7.49
1267047.079,369415869,355609153,-19.08
1267147.079,369415728,355608982,-18.52
1267247.079,369415728,355608982,-16.36
1267347.079,369415728,355608982,-13.12
1267447.079,369415584,355608828,-7.7
1267547.079,369415584,355608828,-8.1
1267647.079,369415440,355608681,-12.32
1267747.079,369415440,355608681,-12.65
1267847.079,369415305,355608535,-9.99
1267947.079,369415305,355608535,-8.81
1268047.079,369415165,355608394,-8.24
1268147.079,369415165,355608394,-8.09
1268247.079,369415023,355608262,-8.12
1268347.079,369415023,355608262,-8.3
1268447.079,369414879,355608138,-7.74
1268547.079,369414733,355608022,-7.2
1268647.079,369414733,355608022,-5.78
1268747.079,369414585,355607916,-6.05
1268847.079,369414585,355607916,-5.52
1268947.079,369414435,355607809,-5.65
1269047.079,369414435,355607809,-5.02
1269147.079,369414286,355607704,-4.86
1269247.079,369414286,355607704,-4.3
1269347.079,369414135,355607600,-3.92
1269447.079,369414135,355607600,-4.66
1269547.079,369414135,355607600,-5.2
1269647.079,369413981,355607501,-3.78
1269747.079,369413981,355607501,-3.52
1269847.079,369413826,355607412,-2.6
1269947.079,369413668,355607319,-2.25
1270047.079,369413668,355607319,-2.97
1270147.079,369413510,355607226,-2.78
1270247.079,369413510,355607226,-2.29
1270347.079,369413350,355607134,-3.11
1270447.079,369413350,355607134,-1.93
1270547.079,369413350,355607134,-1.74
1270647.079,369413190,355607045,-2.07
1270747.079,369413030,355606964,-1.8
1270847.079,369413030,355606964,-1.24
1270947.079,369412868,355606880,-1.21
1271047.079,369412868,355606880,-1.29
1271147.079,369412705,355606797,-1.79
1271247.079,369412705,355606797,-0.7
1271347.079,369412705,355606797,0.49
1271447.079,369412542,355606716,-1.9
1271547.079,369412542,355606716,-1.22
1271647.079,369412380,355606634,-1.27
1271747.079,369412216,355606557,-1.2
1271847.079,369412216,355606557,-0.67
1271947.079,369412051,355606479,-1.43
1272047.079,369412051,355606479,0.26
1272147.079,369411885,355606400,0.45
1272247.079,369411885,355606400,-0.1
1272347.079,369411718,355606322,0.32
1272447.079,369411718,355606322,-0.09000000000000001
1272547.079,369411548,355606243,0.28
1272647.079,369411548,355606243,0.44
1272747.079,369411548,355606243,-0.08000000000000002
1272847.079,369411376,355606163,-0.16
1272947.079,369411204,355606084,0.15
1273047.079,369411204,355606084,0.19
1273147.079,369411030,355606004,-0.06
1273247.079,369411030,355606004,0.010000000000000002
1273347.079,369410856,355605925,0.11
1273447.079,369410856,355605925,0.54
1273547.079,369410681,355605846,0.77
1273647.079,369410681,355605846,0.07
1273747.079,369410505,355605767,0.55
1273847.079,369410505,355605767,1.08
1273947.079,369410330,355605688,0.25000000000000006
1274047.079,369410330,355605688,0.20999999999999996
1274147.079,369410154,355605610,0.64
1274247.079,369410154,355605610,1.88
1274347.079,369409977,355605532,2.62
1274447.079,369409977,355605532,1.14
1274547.079,369409800,355605454,-0.99
1274647.079,369409800,355605454,0.45999999999999996
1274747.079,369409622,355605377,0.43
1274847.079,369409622,355605377,-0.08999999999999998
1274947.079,369409442,355605300,-0.19
1275047.079,369409442,355605300,0.44
1275147.079,369409261,355605222,-0.42
1275247.079,369409261,355605222,-0.52
1275347.079,369409079,355605144,-0.31
1275447.079,369409079,355605144,0.020000000000000004
1275547.079,369409079,355605144,0
1275647.079,369408897,355605066,-0.010000000000000002
1275747.079,369408713,355604988,0.1
1275847.079,369408713,355604988,-0.33
1275947.079,369408528,355604911,-1.07
1276047.079,369408528,355604911,0.6299999999999999
1276147.079,369408342,355604834,0.83
1276247.079,369408342,355604834,0.05
1276347.079,369408155,355604759,0.04
1276447.079,369408155,355604759,-0.33
1276547.079,369407968,355604686,0.43
1276647.079,369407968,355604686,-0.12000000000000005
1276747.079,369407780,355604612,-0.8
1276847.079,369407780,355604612,0.16
1276947.079,369407591,355604539,0.04999999999999999
1277047.079,369407591,355604539,-0.11
1277147.079,369407402,355604468,-0.010000000000000009
1277247.079,369407402,355604468,0.56
1277347.079,369407212,355604397,-0.040000000000000036
1277447.079,369407212,355604397,0.07999999999999985
1277547.079,369407023,355604327,1.22
1277647.079,369407023,355604327,-1.87
1277747.079,369407023,355604327,-1.87
1277847.079,369406832,355604260,1.19
1277947.079,369406640,355604194,0.15000000000000002
1278047.079,369406640,355604194,1.03
1278147.079,369406449,355604129,1.38
1278247.079,369406449,355604129,0.21
1278347.079,369406258,355604064,0.64
1278447.079,369406258,355604064,-0.33
1278547.079,369406067,355603999,-0.35
1278647.079,369406067,355603999,0.96
1278747.079,369405876,355603935,1.75
1278847.079,369405876,355603935,0.72
1278947.079,369405685,355603873,0.5
1279047.079,369405685,355603873,-0.55
1279147.079,369405494,355603813,0.44999999999999996
1279247.079,369405494,355603813,1.15
1279347.079,369405301,355603752,0.44
1279447.079,369405301,355603752,-0.19
1279547.079,369405301,355603752,-0.29
1279647.079,369405108,355603691,-1.25
1279747.079,369404914,355603630,-0.63
1279847.079,369404914,355603630,-0.18
1279947.079,369404719,355603569,-0.04000000000000001
1280047.079,369404719,355603569,1.43
1280147.079,369404523,355603505,1.29
1280247.079,369404523,355603505,1.74
1280347.079,369404325,355603441,1.35
1280447.079,369404325,355603441,0.67
1280547.079,369404325,355603441,1.8
1280647.079,369404126,355603374,0.53
1280747.079,369403924,355603308,-0.35
1280847.079,369403924,355603308,-1.61
1280947.079,369403720,355603244,-2.56
1281047.079,369403720,355603244,-0.27
1281147.079,369403513,355603178,2.08
1281247.079,369403513,355603178,0.9000000000000001
1281347.079,369403301,355603114,-0.93
1281447.079,369403301,355603114,-0.93
1281547.079,369403301,355603114,-0.67
1281647.079,369403091,355603047,0.21
1281747.079,369402883,355602977,-0.37
1281847.079,369402883,355602977,-0.14
1281947.079,369402671,355602911,0.87
1282047.079,369402671,355602911,0.76
1282147.079,369402671,355602911,0.59
1282247.079,369402459,355602848,0.3
1282347.079,369402248,355602783,0.18
1282447.079,369402248,355602783,-0.17
1282547.079,369402248,355602783,-0.77
1282647.079,369402038,355602725,0.38
1282747.079,369401831,355602667,0.07
1282847.079,369401831,355602667,-0.44
1282947.079,369401625,355602607,-0.58
1283047.079,369401625,355602607,-5.73
1283147.079,369401625,355602607,-6.17
1283247.079,369401417,355602557,-5.57
1283347.079,369401213,355602510,-5.52
1283447.079,369401213,355602510,-2.27
1283547.079,369401213,355602510,-2.83
1283647.079,369401008,355602468,-3.55
1283747.079,369401008,355602468,-3.34
1283847.079,369400805,355602428,-3.62
1283947.079,369400604,355602394,-3.35
1284047.079,369400604,355602394,-3.72
1284147.079,369400403,355602367,-3.43
1284247.079,369400403,355602367,-2.58
1284347.079,369400201,355602340,-1.1
1284447.079,369400201,355602340,-0.66
1284547.079,369400201,355602340,-1.69
1284647.079,369400001,355602317,-1.89
1284747.079,369399803,355602292,-0.27
1284847.079,369399803,355602292,0.22000000000000003
1284947.079,369399612,355602269,-0.61
1285047.079,369399612,355602269,0.67
1285147.079,369399420,355602250,-0.08999999999999997
1285247.079,369399420,355602250,-1.05
1285347.079,369399229,355602233,-0.24
1285447.079,369399229,355602233,-0.29
1285547.079,369399037,355602220,-0.36
1285647.079,369399037,355602220,-0.36
1285747.079,369399037,355602220,-0.23
1285847.079,369398844,355602206,-0.1
1285947.079,369398654,355602195,-0.009999999999999995
1286047.079,369398654,355602195,0.48
1286147.079,369398462,355602187,0.06
1286247.079,369398462,355602187,0.25
1286347.079,369398462,355602187,0.09
1286447.079,369398274,355602175,0.05
1286547.079,369398274,355602175,0.9300000000000002
1286647.079,369398083,355602168,-0.23000000000000004
1286747.079,369397916,355602154,-0.72
1286847.079,369397916,355602154,-0.52
1286947.079,369397726,355602144,0.86
1287047.079,369397726,355602144,0.57
1287147.079,369397538,355602135,-0.95
1287247.079,369397538,355602135,1.8
1287347.079,369397356,355602124,1.18
1287447.079,369397356,355602124,0.07999999999999996
1287547.079,369397174,355602113,3.3
1287647.079,369397174,355602113,0.8500000000000001
1287747.079,369397174,355602113,-0.12
1287847.079,369396998,355602108,-0.04999999999999999
1287947.079,369396812,355602105,0.26
1288047.079,369396812,355602105,0.44999999999999996
1288147.079,369396631,355602097,0.6
1288247.079,369396631,355602097,0.45000000000000007
1288347.079,369396451,355602089,2.84
1288447.079,369396451,355602089,2.33
1288547.079,369396451,355602089,1.32
1288647.079,369396265,355602087,1.55
1288747.079,369396091,355602079,1.43
1288847.079,369396091,355602079,1.09
1288947.079,369395912,355602072,0.87
1289047.079,369395912,355602072,1.25
1289147.079,369395732,355602066,1.63
1289247.079,369395732,355602066,1.14
1289347.079,369395554,355602059,1.47
1289447.079,369395554,355602059,1.54
1289547.079,369395554,355602059,1.39
1289647.079,369395378,355602050,1.95
1289747.079,369395210,355602037,1.7
1289847.079,369395210,355602037,1.87
1289947.079,369395032,355602029,2.01
1290047.079,369395032,355602029,1.54
1290147.079,369394858,355602020,2.1
1290247.079,369394858,355602020,2.13
1290347.079,369394681,355602012,1.91
1290447.079,369394681,355602012,2.48
1290547.079,369394681,355602012,2.86
1290647.079,369394501,355602002,12.79
1290747.079,369394331,355601986,17.74
1290847.079,369394331,355601986,14.73
1290947.079,369394165,355601953,14.39
1291047.079,369394165,355601953,12.9
1291147.079,369393999,355601915,12.08
1291247.079,369393999,355601915,12.81
1291347.079,369393835,355601870,12.4
1291447.079,369393835,355601870,12.41
1291547.079,369393673,355601817,12.15
1291647.079,369393673,355601817,11.94
1291747.079,369393515,355601756,12.02
1291847.079,369393515,355601756,11.46
1291947.079,369393358,355601688,11.43
1292047.079,369393358,355601688,10.91
1292147.079,369393206,355601612,9.98
1292247.079,369393206,355601612,9.59
1292347.079,369393051,355601534,8.17
1292447.079,369393051,355601534,9.44
1292547.079,369392904,355601444,10.39
1292647.079,369392904,355601444,9.83
1292747.079,369392760,355601348,9.68
1292847.079,369392760,355601348,8.33
1292947.079,369392619,355601250,8.24
1293047.079,369392619,355601250,8.2
1293147.079,369392480,355601146,7.69
1293247.079,369392480,355601146,8.28
1293347.079,369392342,355601039,7.75
1293447.079,369392342,355601039,7.4
1293547.079,369392207,355600930,7.51
1293647.079,369392207,355600930,6.95
1293747.079,369392074,355600811,7.06
1293847.079,369392074,355600811,6.73
1293947.079,369391943,355600691,6.19
1294047.079,369391943,355600691,6.45
1294147.079,369391817,355600569,5.89
1294247.079,369391817,355600569,5.87
1294347.079,369391695,355600443,6.07
1294447.079,369391695,355600443,5.32
1294547.079,369391573,355600317,5.18
1294647.079,369391573,355600317,5.06
1294747.079,369391449,355600179,5.23
1294847.079,369391449,355600179,4.77
1294947.079,369391328,355600048,4.61
1295047.079,369391328,355600048,4.93
1295147.079,369391209,355599915,4.28
1295247.079,369391209,355599915,4.05
1295347.079,369391096,355599778,3.97
1295447.079,369391096,355599778,3.4
1295547.079,369390980,355599641,3.51
1295647.079,369390980,355599641,3.51
1295747.079,369390869,355599499,3.54
1295847.079,369390869,355599499,3.56
1295947.079,369390758,355599356,3.21
1296047.079,369390758,355599356,2.43
1296147.079,369390647,355599216,2.59
1296247.079,369390647,355599216,2.88
1296347.079,369390536,355599074,1.9
1296447.079,369390536,355599074,2.23
1296547.079,369390423,355598924,2.92
1296647.079,369390423,355598924,3.74
1296747.079,369390314,355598761,4.14
1296847.079,369390314,355598761,2.28
1296947.079,369390200,355598606,0.52
1297047.079,369390200,355598606,1.36
1297147.079,369390093,355598451,0.33999999999999997
1297247.079,369390093,355598451,2.07
1297347.079,369389985,355598298,1.93
1297447.079,369389985,355598298,0.63
1297547.079,369389877,355598144,1.03
1297647.079,369389877,355598144,0.4000000000000001
1297747.079,369389771,355597984,0.3
1297847.079,369389771,355597984,0.56
1297947.079,369389664,355597830,0.5
1298047.079,369389664,355597830,0.47
1298147.079,369389558,355597675,0.93
1298247.079,369389558,355597675,0.8
1298347.079,369389451,355597524,0.63
1298447.079,369389451,355597524,0.9
1298547.079,369389345,355597373,0.68
1298647.079,369389345,355597373,0.39
1298747.079,369389239,355597214,0.52
1298847.079,369389239,355597214,0.46
1298947.079,369389135,355597062,0.010000000000000009
1299047.079,369389135,355597062,0.29
1299147.079,369389031,355596912,0.42
1299247.079,369389031,355596912,-0.29
1299347.079,369388927,355596761,0.07999999999999999
1299447.079,369388927,355596761,-0.04000000000000001
1299547.079,369388823,355596612,0.07000000000000002
1299647.079,369388823,355596612,0.2
1299747.079,369388719,355596455,-0.09
1299847.079,369388719,355596455,0.38
1299947.079,369388615,355596303,-0.010000000000000009
1300047.079,369388615,355596303,0.21
1300147.079,369388511,355596156,0.19
1300247.079,369388511,355596156,-0.19
1300347.079,369388407,355596007,0.06
1300447.079,369388407,355596007,-0.09
1300547.079,369388303,355595860,-0.15
1300647.079,369388303,355595860,-0.49
1300747.079,369388199,355595706,-0.44
1300847.079,369388199,355595706,0.53
1300947.079,369388096,355595558,0.10999999999999999
1301047.079,369388096,355595558,0.1
1301147.079,369387992,355595410,0
1301247.079,369387992,355595410,-0.75
1301347.079,369387888,355595264,-0.17000000000000004
1301447.079,369387888,355595264,-0.41999999999999993
1301547.079,369387783,355595117,-0.54
1301647.079,369387783,355595117,0
1301747.079,369387682,355594969,-0.37
1301847.079,369387682,355594969,0.15999999999999998
1301947.079,369387577,355594822,-0.10999999999999999
1302047.079,369387577,355594822,-0.21
1302147.079,369387471,355594677,0.08
1302247.079,369387471,355594677,-0.36
1302347.079,369387364,355594531,0.15
1302447.079,369387364,355594531,0.29
1302547.079,369387259,355594386,-0.05
1302647.079,369387259,355594386,0.26
1302747.079,369387156,355594242,-0.38
1302847.079,369387156,355594242,-0.58
1302947.079,369387051,355594098,0.1
1303047.079,369387051,355594098,-0.08000000000000002
1303147.079,369386942,355593953,-0.28
1303247.079,369386942,355593953,0.09
1303347.079,369386833,355593810,-0.020000000000000004
1303447.079,369386833,355593810,-0.03
1303547.079,369386833,355593810,0.039999999999999994
1303647.079,369386723,355593665,0.25
1303747.079,369386612,355593515,0.03
1303847.079,369386612,355593515,-0.55
1303947.079,369386503,355593366,-0.03999999999999998
1304047.079,369386503,355593366,-0.15000000000000002
1304147.079,369386393,355593219,-0.66
1304247.079,369386393,355593219,0.36
1304347.079,369386283,355593074,0.5300000000000001
1304447.079,369386283,355593074,13.04
1304547.079,369386183,355592926,27.01
1304647.079,369386183,355592926,33.32
1304747.079,369386092,355592762,27.31
1304847.079,369386092,355592762,24.79
1304947.079,369386023,355592570,24.51
1305047.079,369386023,355592570,24.2
1305147.079,369385958,355592373,25.22
1305247.079,369385958,355592373,24.94
1305347.079,369385899,355592166,25.19
1305447.079,369385899,355592166,26
1305547.079,369385857,355591947,26.05
1305647.079,369385857,355591947,26.49
1305747.079,369385831,355591707,27.29
1305847.079,369385831,355591707,27.46
1305947.079,369385821,355591455,27.92
1306047.079,369385821,355591455,28.68
1306147.079,369385828,355591193,28.61
1306247.079,369385828,355591193,29.42
1306347.079,369385851,355590923,29.4
1306447.079,369385851,355590923,30.07
1306547.079,369385900,355590638,31.13
1306647.079,369385900,355590638,31.34
1306747.079,369385967,355590345,31.83
1306847.079,369385967,355590345,32.4
1306947.079,369386064,355590040,32.28
1307047.079,369386064,355590040,33.29
1307147.079,369386179,355589728,33.88
1307247.079,369386179,355589728,33.72
1307347.079,369386313,355589413,33.44
1307447.079,369386313,355589413,34.68
1307547.079,369386465,355589097,34.67
1307647.079,369386465,355589097,34.35
1307747.079,369386648,355588784,34.72
1307847.079,369386648,355588784,34.82
1307947.079,369386851,355588476,34.89
1308047.079,369386851,355588476,34.73
1308147.079,369387075,355588168,35.66
1308247.079,369387075,355588168,36.12
1308347.079,369387319,355587872,35.27
1308447.079,369387319,355587872,35.12
1308547.079,369387580,355587581,34.86
1308647.079,369387580,355587581,35.05
1308747.079,369387859,355587304,34.62
1308847.079,369387859,355587304,33.4
1308947.079,369388163,355587035,33.49
1309047.079,369388163,355587035,33.75
1309147.079,369388491,355586781,33.84
1309247.079,369388491,355586781,32.28
1309347.079,369388834,355586549,31.76
1309447.079,369388834,355586549,31.56
1309547.079,369389195,355586333,31.41
1309647.079,369389195,355586333,29.12
1309747.079,369389557,355586134,28.11
1309847.079,369389557,355586134,28.23
1309947.079,369389934,355585939,27.27
1310047.079,369389934,355585939,26.93
1310147.079,369390326,355585755,26.49
1310247.079,369390326,355585755,26.07
1310347.079,369390728,355585586,25.5
1310447.079,369390728,355585586,23.59
1310547.079,369391145,355585427,22.47
1310647.079,369391145,355585427,21.77
1310747.079,369391557,355585292,21.06
1310847.079,369391557,355585292,20.49
1310947.079,369391982,355585167,19.84
1311047.079,369391982,355585167,19.19
1311147.079,369392411,355585048,17.51
1311247.079,369392411,355585048,16.08
1311347.079,369392848,355584947,18.65
1311447.079,369392848,355584947,34.67
1311547.079,369393298,355584890,46.13
1311647.079,369393298,355584890,48.05
1311747.079,369393760,355584872,46.12
1311847.079,369393760,355584872,46.26
1311947.079,369394218,355584921,47.14
1312047.079,369394218,355584921,45.51
1312147.079,369394698,355585062,43.73
1312247.079,369394698,355585062,44.24
1312347.079,369395174,355585208,44.98
1312447.079,369395174,355585208,44.93
1312547.079,369395648,355585377,44.84
1312647.079,369395648,355585377,45.01
1312747.079,369396122,355585598,44.91
1312847.079,369396122,355585598,44.71
1312947.079,369396586,355585865,44.46
1313047.079,369396586,355585865,46.65
1313147.079,369397037,355586165,47.76
1313247.079,369397037,355586165,45.35
1313347.079,369397485,355586486,45.14
1313447.079,369397485,355586486,45.06
1313547.079,369397911,355586858,44.46
1313647.079,369397911,355586858,43.37
1313747.079,369398354,355587254,44.37
1313847.079,369398354,355587254,44.91
1313947.079,369398788,355587653,44.88
1314047.079,369398788,355587653,44.85
1314147.079,369399152,355588124,44.23
1314247.079,369399152,355588124,45.02
1314347.079,369399500,355588612,45.33
1314447.079,369399500,355588612,44.13
1314547.079,369399819,355589124,44.44
1314647.079,369399819,355589124,45.49
1314747.079,369400099,355589661,44.87
1314847.079,369400099,355589661,44.97
1314947.079,369400347,355590207,45.52
1315047.079,369400347,355590207,45.24
1315147.079,369400560,355590773,44.87
1315247.079,369400560,355590773,44.45
1315347.079,369400758,355591342,43.66
1315447.079,369400758,355591342,43.94
1315547.079,369400925,355591917,45.03
1315647.079,369400925,355591917,45.77
1315747.079,369401057,355592494,45.24
1315847.079,369401057,355592494,43.49
1315947.079,369401146,355593069,43.91
1316047.079,369401146,355593069,45.15
1316147.079,369401219,355593642,45.21
1316247.079,369401219,355593642,44.94
1316347.079,369401266,355594205,44.57
1316447.079,369401266,355594205,44.97
1316547.079,369401285,355594762,45.58
1316647.079,369401285,355594762,45.44
1316747.079,369401263,355595304,45.87
1316847.079,369401263,355595304,44.92
1316947.079,369401209,355595821,43.99
1317047.079,369401209,355595821,44.02
1317147.079,369401127,355596311,43.98
1317247.079,369401127,355596311,42.66
1317347.079,369401021,355596783,41.77
1317447.079,369401021,355596783,41.24
1317547.079,369400888,355597227,40.3
1317647.079,369400888,355597227,37.72
1317747.079,369400745,355597637,36.24
1317847.079,369400745,355597637,34.21
1317947.079,369400582,355598030,32.28
1318047.079,369400582,355598030,30.56
1318147.079,369400409,355598406,30.3
1318247.079,369400409,355598406,29.95
1318347.079,369400221,355598760,28.76
1318447.079,369400221,355598760,27.99
1318547.079,369400025,355599095,26.76
1318647.079,369400025,355599095,23.75
1318747.079,369399818,355599415,22.1
1318847.079,369399818,355599415,20.45
1318947.079,369399609,355599723,19.9
1319047.079,369399609,355599723,19.1
1319147.079,369399399,355600015,18.41
1319247.079,369399399,355600015,17.31
1319347.079,369399185,355600296,16.76
1319447.079,369399185,355600296,16.1
1319547.079,369398975,355600563,15.69
1319647.079,369398975,355600563,14.55
1319747.079,369398759,355600833,13.56
1319847.079,369398759,355600833,12.42
1319947.079,369398543,355601089,12.38
1320047.079,369398543,355601089,12.68
1320147.079,369398328,355601332,12.32
1320247.079,369398328,355601332,11.16
1320347.079,369398110,355601569,10.94
1320447.079,369398110,355601569,10.55
1320547.079,369397893,355601794,9.9
1320647.079,369397893,355601794,9.29
1320747.079,369397670,355602020,10.48
1320847.079,369397670,355602020,25.07
1320947.079,369397445,355602225,35.59
1321047.079,369397445,355602225,35.1
1321147.079,369397225,355602378,32.91
1321247.079,369397225,355602378,30.8
1321347.079,369397009,355602501,28.69
1321447.079,369397009,355602501,25.26
1321547.079,369396797,355602611,23.8
1321647.079,369396797,355602611,23.77
1321747.079,369396569,355602726,24.02
1321847.079,369396569,355602726,24.94
1321947.079,369396356,355602810,25.75
1322047.079,369396356,355602810,25.82
1322147.079,369396144,355602860,24.97
1322247.079,369396144,355602860,23.75
1322347.079,369395934,355602891,22.16
1322447.079,369395934,355602891,18.67
1322547.079,369395726,355602913,17.73
1322647.079,369395726,355602913,17.92
1322747.079,369395495,355602953,18.41
1322847.079,369395495,355602953,17.62
1322947.079,369395281,355602959,17.52
1323047.079,369395281,355602959,18.26
1323147.079,369395084,355602938,18.18
1323247.079,369395084,355602938,17.48
1323347.079,369394894,355602901,16.94
1323447.079,369394894,355602901,15.83
1323547.079,369394707,355602852,14.98
1323647.079,369394707,355602852,15.11
1323747.079,369394511,355602808,14.66
1323847.079,369394511,355602808,14.1
1323947.079,369394322,355602753,13.77
1324047.079,369394322,355602753,13.09
1324147.079,369394136,355602683,13.32
1324247.079,369394136,355602683,13.8
1324347.079,369393955,355602599,14.05
1324447.079,369393955,355602599,12.78
1324547.079,369393776,355602503,12.26
1324647.079,369393776,355602503,11
1324747.079,369393597,355602404,11.64
1324847.079,369393597,355602404,13.66
1324947.079,369393422,355602295,13.56
1325047.079,369393422,355602295,11.74
1325147.079,369393251,355602169,10.42
1325247.079,369393251,355602169,11.28
1325347.079,369393084,355602040,11.18
1325447.079,369393084,355602040,9.76
1325547.079,369392926,355601904,9.88
1325647.079,369392926,355601904,9.88
1325747.079,369392758,355601770,8.98
1325847.079,369392758,355601770,9.41
1325947.079,369392592,355601629,9.18
1326047.079,369392592,355601629,8.68
1326147.079,369392438,355601480,8.64
1326247.079,369392438,355601480,7.72
1326347.079,369392291,355601320,7.12
1326447.079,369392291,355601320,6.92
1326547.079,369392147,355601166,7.47
1326647.079,369392147,355601166,6.35
1326747.079,369392006,355601003,7.38
1326847.079,369392006,355601003,6.94
1326947.079,369391868,355600842,6.23
1327047.079,369391868,355600842,5.71
1327147.079,369391731,355600677,5.26
1327247.079,369391731,355600677,4.88
1327347.079,369391599,355600509,4.77
1327447.079,369391599,355600509,4.67
1327547.079,369391469,355600340,4.6
1327647.079,369391469,355600340,4.44
1327747.079,369391343,355600167,3.55
1327847.079,369391343,355600167,2.55
1327947.079,369391218,355599999,2.94
1328047.079,369391218,355599999,2.87
1328147.079,369391092,355599830,2.87
1328247.079,369391092,355599830,3.6
1328347.079,369390967,355599656,3.32
1328447.079,369390967,355599656,2.36
1328547.079,369390844,355599481,2.82
1328647.079,369390844,355599481,2.66
1328747.079,369390727,355599304,2.05
1328847.079,369390727,355599304,1.94
1328947.079,369390611,355599130,1.57
1329047.079,369390611,355599130,0.5
1329147.079,369390493,355598951,0.93
1329247.079,369390493,355598951,1.36
1329347.079,369390375,355598779,1.19
1329447.079,369390375,355598779,1.37
1329547.079,369390257,355598608,1.78
1329647.079,369390257,355598608,2.85
1329747.079,369390142,355598440,2.35
1329847.079,369390142,355598440,-0.24
1329947.079,369390028,355598271,-1.06
1330047.079,369390028,355598271,0.07999999999999996
1330147.079,369389914,355598102,0.32
1330247.079,369389914,355598102,0.7
1330347.079,369389801,355597934,-0.2699999999999999
1330447.079,369389801,355597934,-0.24
1330547.079,369389689,355597770,-0.09
1330647.079,369389689,355597770,-0.51
1330747.079,369389585,355597601,0.09000000000000002
1330847.079,369389585,355597601,-0.4099999999999999
1330947.079,369389477,355597435,-0.79
1331047.079,369389477,355597435,-0.74
1331147.079,369389366,355597269,-1.06
1331247.079,369389366,355597269,-0.62
1331347.079,369389254,355597104,-0.54
1331447.079,369389254,355597104,-0.62
1331547.079,369389158,355596933,0.28
1331647.079,369389158,355596933,-0.030000000000000027
1331747.079,369389043,355596772,0.23
1331847.079,369389043,355596772,-0.14000000000000007
1331947.079,369388933,355596613,-1.5
1332047.079,369388933,355596613,-0.89
1332147.079,369388819,355596457,-0.78
1332247.079,369388819,355596457,-0.72
1332347.079,369388705,355596300,-0.20999999999999996
1332447.079,369388705,355596300,0.1
1332547.079,369388595,355596143,-0.19
1332647.079,369388595,355596143,-0.18999999999999995
1332747.079,369388483,355595983,0.54
1332847.079,369388483,355595983,0.39
1332947.079,369388370,355595825,0.23000000000000004
1333047.079,369388370,355595825,-0.74
1333147.079,369388259,355595671,-0.17000000000000004
1333247.079,369388259,355595671,-0.32
1333347.079,369388146,355595519,-0.76
1333447.079,369388146,355595519,-0.72
1333547.079,369388034,355595368,-1.26
1333647.079,369388034,355595368,-0.19999999999999996
1333747.079,369387919,355595211,0.41
1333847.079,369387919,355595211,-0.72
1333947.079,369387807,355595055,-0.97
1334047.079,369387807,355595055,-0.48
1334147.079,369387689,355594907,-0.67
1334247.079,369387689,355594907,-1.12
1334347.079,369387574,355594758,-0.46
1334447.079,369387574,355594758,-0.15
1334547.079,369387459,355594608,-0.46
1334647.079,369387459,355594608,-0.06
1334747.079,369387335,355594447,0.22
1334847.079,369387335,355594447,-0.039999999999999994
1334947.079,369387214,355594294,-0.32
1335047.079,369387214,355594294,-0.47
1335147.079,369387094,355594143,0.13
1335247.079,369387094,355594143,0.08999999999999997
1335347.079,369386976,355593992,0.12
1335447.079,369386976,355593992,0.75
1335547.079,369386857,355593842,0.6
1335647.079,369386857,355593842,0.49
1335747.079,369386733,355593679,0.06
1335847.079,369386733,355593679,-0.3
1335947.079,369386610,355593522,0.06
1336047.079,369386610,355593522,1.33
1336147.079,369386489,355593364,1.3
1336247.079,369386489,355593364,-0.020000000000000073
1336347.079,369386366,355593208,-0.39
1336447.079,369386366,355593208,0.23999999999999996
1336547.079,369386366,355593208,1.51
1336647.079,369386243,355593051,-0.2600000000000001
1336747.079,369386129,355592905,-0.83
1336847.079,369386129,355592905,1.02
1336947.079,369386008,355592753,0.88
1337047.079,369386008,355592753,-0.28
1337147.079,369385887,355592599,-0.04000000000000001
1337247.079,369385887,355592599,-0.28
1337347.079,369385763,355592445,-0.03999999999999998
1337447.079,369385763,355592445,-0.04000000000000001
1337547.079,369385638,355592289,-0.21
1337647.079,369385638,355592289,0.94
1337747.079,369385524,355592148,1.13
1337847.079,369385524,355592148,1.22
1337947.079,369385398,355591995,-0.37
1338047.079,369385398,355591995,-1.6
1338147.079,369385274,355591840,-0.3400000000000001
1338247.079,369385274,355591840,-0.27
1338347.079,369385144,355591683,-0.33
1338447.079,369385144,355591683,0.36
1338547.079,369385011,355591521,0.15
1338647.079,369385011,355591521,2.31
1338747.079,369384884,355591366,1.81
1338847.079,369384884,355591366,-0.69
1338947.079,369384749,355591206,-1.54
1339047.079,369384749,355591206,0.5300000000000001
1339147.079,369384613,355591044,4.24
1339247.079,369384613,355591044,19.7
1339347.079,369384489,355590872,30.06
1339447.079,369384489,355590872,32.41
1339547.079,369384375,355590688,30.61
1339647.079,369384375,355590688,30.79
1339747.079,369384288,355590492,29.67
1339847.079,369384288,355590492,28.89
1339947.079,369384210,355590281,29.91
1340047.079,369384210,355590281,31.85
1340147.079,369384134,355590062,31.88
1340247.079,369384134,355590062,31.31
1340347.079,369384071,355589828,32.04
1340447.079,369384071,355589828,32.9
1340547.079,369384028,355589572,31.86
1340647.079,369384028,355589572,31.76
1340747.079,369384015,355589314,30.95
1340847.079,369384015,355589314,32.11
1340947.079,369384025,355589021,35.04
1341047.079,369384025,355589021,35.17
1341147.079,369384060,355588719,34.73
1341247.079,369384060,355588719,35.35
1341347.079,369384120,355588411,36.29
1341447.079,369384120,355588411,37
1341547.079,369384200,355588106,37.8
1341647.079,369384200,355588106,38.15
1341747.079,369384319,355587838,38.13
1341847.079,369384319,355587838,38.31
1341947.079,369384446,355587546,38.58
1342047.079,369384446,355587546,39.39
1342147.079,369384597,355587242,40.29
1342247.079,369384597,355587242,40.17
1342347.079,369384785,355586949,40.07
1342447.079,369384785,355586949,39.5
1342547.079,369384996,355586661,39.76
1342647.079,369384996,355586661,40.59
1342747.079,369385225,355586408,40.93
1342847.079,369385225,355586408,39.8
1342947.079,369385476,355586149,40.43
1343047.079,369385476,355586149,39.14
1343147.079,369385763,355585905,38.77
1343247.079,369385763,355585905,39.17
1343347.079,369386080,355585681,38.14
1343447.079,369386080,355585681,35.71
1343547.079,369386416,355585474,36.39
1343647.079,369386416,355585474,35.7
1343747.079,369386755,355585293,34.1
1343847.079,369386755,355585293,33.32
1343947.079,369387109,355585117,33.43
1344047.079,369387109,355585117,32.57
1344147.079,369387482,355584961,32.19
1344247.079,369387482,355584961,31.6
1344347.079,369387867,355584819,30.45
1344447.079,369387867,355584819,28.29
1344547.079,369388266,355584697,27.76
1344647.079,369388266,355584697,26.32
1344747.079,369388677,355584617,24.74
1344847.079,369388677,355584617,24.52
1344947.079,369389093,355584538,23.94
1345047.079,369389093,355584538,22.53
1345147.079,369389516,355584471,21.72
1345247.079,369389516,355584471,18.56
1345347.079,369389944,355584419,17.1
1345447.079,369389944,355584419,15.57
1345547.079,369390375,355584378,14.73
1345647.079,369390375,355584378,13.56
1345747.079,369390823,355584337,13.68
1345847.079,369390823,355584337,13.04
1345947.079,369391262,355584313,12.33
1346047.079,369391262,355584313,11.43
1346147.079,369391702,355584296,10.08
1346247.079,369391702,355584296,9.01
1346347.079,369392143,355584283,8.21
1346447.079,369392143,355584283,6.57
1346547.079,369392587,355584275,5.29
1346647.079,369392587,355584275,4.55
1346747.079,369393051,355584277,7.6
1346847.079,369393051,355584277,18.18
1346947.079,369393504,355584291,31.26
1347047.079,369393504,355584291,46.1
1347147.079,369393951,355584344,48.78
1347247.079,369393951,355584344,45.34
1347347.079,369394405,355584476,44.37
1347447.079,369394405,355584476,44.18
1347547.079,369394860,355584657,44
1347647.079,369394860,355584657,43.4
1347747.079,369395312,355584810,43.41
1347847.079,369395312,355584810,44.56
1347947.079,369395772,355585013,45.45
1348047.079,369395772,355585013,44.88
1348147.079,369396219,355585277,44.7
1348247.079,369396219,355585277,44.93
1348347.079,369396654,355585600,45.05
1348447.079,369396654,355585600,45.19
1348547.079,369397069,355585968,45.07
1348647.079,369397069,355585968,44.9
1348747.079,369397491,355586357,44.14
1348847.079,369397491,355586357,30.5
1348947.079,369397882,355586765,19.03
1349047.079,369397882,355586765,2.6799999999999997
1349147.079,369398270,355587176,-3.6499999999999995
1349247.079,369398270,355587176,-2.31
1349347.079,369398653,355587590,-0.36
1349447.079,369398653,355587590,2.73
1349547.079,369399036,355588008,4.32
1349647.079,369399036,355588008,2.85
1349747.079,369399405,355588432,0.66
1349847.079,369399405,355588432,0.22
1349947.079,369399780,355588853,0.77
1350047.079,369399780,355588853,2.62
1350147.079,369400158,355589278,0.29000000000000004
1350247.079,369400158,355589278,0.98
1350347.079,369400540,355589703,0.79
1350447.079,369400540,355589703,-0.01999999999999999
1350547.079,369400923,355590125,0.89
1350647.079,369400923,355590125,0.91
1350747.079,369401297,355590546,0.33000000000000007
1350847.079,369401297,355590546,0.27
1350947.079,369401674,355590967,1.2
1351047.079,369401674,355590967,1.56
1351147.079,369402053,355591390,0.36000000000000004
1351247.079,369402053,355591390,0.08000000000000002
1351347.079,369402434,355591813,0.36
1351447.079,369402434,355591813,0.72
1351547.079,369402816,355592237,0.4099999999999999
1351647.079,369402816,355592237,1.79
1351747.079,369403186,355592664,3.54
1351847.079,369403186,355592664,1.99
1351947.079,369403563,355593088,1.19
1352047.079,369403563,355593088,0.34
1352147.079,369403942,355593511,0.07
1352247.079,369403942,355593511,0.61
1352347.079,369404323,355593930,1.51
1352447.079,369404323,355593930,-0.12
1352547.079,369404701,355594350,-0.95
1352647.079,369404701,355594350,-1.1
1352747.079,369405071,355594783,-1.65
1352847.079,369405071,355594783,-0.88
1352947.079,369405444,355595208,-0.29
1353047.079,369405444,355595208,0.45000000000000007
1353147.079,369405819,355595629,0.45999999999999996
1353247.079,369405819,355595629,-0.5
1353347.079,369406193,355596050,0.16
1353447.079,369406193,355596050,-0.3
1353547.079,369406569,355596465,-1.61
1353647.079,369406569,355596465,-0.6800000000000002
1353747.079,369406935,355596885,-0.26
1353847.079,369406935,355596885,0.76
1353947.079,369407313,355597298,-0.21999999999999997
1354047.079,369407313,355597298,0.18000000000000005
1354147.079,369407687,355597712,1.12
1354247.079,369407687,355597712,0.33
1354347.079,369408062,355598126,0.7
1354447.079,369408062,355598126,2.17
1354547.079,369408436,355598540,2.2
1354647.079,369408436,355598540,1.24
1354747.079,369408810,355598951,0.94
1354847.079,369408810,355598951,1.02
1354947.079,369409182,355599358,0.35
1355047.079,369409182,355599358,0.65
1355147.079,369409556,355599768,0.26
1355247.079,369409556,355599768,0.08000000000000002
1355347.079,369409928,355600179,-0.03
1355447.079,369409928,355600179,-0.04000000000000001
1355547.079,369410302,355600587,-0.8
1355647.079,369410302,355600587,-1.65
1355747.079,369410665,355601010,-0.18999999999999995
1355847.079,369410665,355601010,0.47
1355947.079,369411038,355601417,0.18
1356047.079,369411038,355601417,0.37
1356147.079,369411410,355601825,0.27
1356247.079,369411410,355601825,-1.27
1356347.079,369411784,355602230,-1.02
1356447.079,369411784,355602230,0.9200000000000002
1356547.079,369412159,355602634,1.13
1356647.079,369412159,355602634,-0.69
1356747.079,369412526,355603053,-0.33
1356847.079,369412526,355603053,2.3100000000000005
1356947.079,369412895,355603466,11.48
1357047.079,369412895,355603466,24.88
1357147.079,369413257,355603881,22.62
1357247.079,369413257,355603881,15.28
1357347.079,369413612,355604305,14.06
1357447.079,369413612,355604305,14.47
1357547.079,369413964,355604735,15.09
1357647.079,369413964,355604735,15.13
1357747.079,369414313,355605178,16.25
1357847.079,369414313,355605178,24.86
1357947.079,369414648,355605629,28.14
1358047.079,369414648,355605629,31.82
1358147.079,369414963,355606097,34.85
1358247.079,369414963,355606097,42
1358347.079,369415258,355606573,45.9
1358447.079,369415258,355606573,46.21
1358547.079,369415505,355607075,45.17
1358647.079,369415505,355607075,44.4
1358747.079,369415720,355607581,45.03
1358847.079,369415720,355607581,44.38
1358947.079,369415906,355608097,44.64
1359047.079,369415906,355608097,43.63
1359147.079,369416055,355608624,43.37
1359247.079,369416055,355608624,43.11
1359347.079,369416173,355609152,42.68
1359447.079,369416173,355609152,42.73
1359547.079,369416258,355609678,42.15
1359647.079,369416258,355609678,43.5
1359747.079,369416326,355610210,43.1
1359847.079,369416326,355610210,43.01
1359947.079,369416360,355610723,44.38
1360047.079,369416360,355610723,43.95
1360147.079,369416364,355611222,43.7
1360247.079,369416364,355611222,44.48
1360347.079,369416336,355611701,44.61
1360447.079,369416336,355611701,43.56
1360547.079,369416273,355612155,44.31
1360647.079,369416273,355612155,44.82
1360747.079,369416178,355612572,45.39
1360847.079,369416178,355612572,45
1360947.079,369416048,355612950,44.14
1361047.079,369416048,355612950,44
1361147.079,369415901,355613298,43.96
1361247.079,369415901,355613298,43.32
1361347.079,369415743,355613624,43.46
1361447.079,369415743,355613624,42.02
1361547.079,369415575,355613926,40.02
1361647.079,369415575,355613926,40.32
1361747.079,369415402,355614197,40.16
1361847.079,369415402,355614197,40.13
1361947.079,369415212,355614430,40.22
1362047.079,369415212,355614430,40.39
1362147.079,369415021,355614617,40.92
1362247.079,369415021,355614617,42.58
1362347.079,369414812,355614762,42.85
1362447.079,369414812,355614762,42.9
1362547.079,369414590,355614877,41.14
1362647.079,369414590,355614877,37.88
1362747.079,369414394,355614969,37.4
1362847.079,369414394,355614969,37.55
1362947.079,369414190,355615028,37.36
1363047.079,369414190,355615028,37.76
1363147.079,369413988,355615055,36.87
1363247.079,369413988,355615055,35.87
1363347.079,369413785,355615049,36.29
1363447.079,369413785,355615049,35.66
1363547.079,369413588,355615009,32.94
1363647.079,369413588,355615009,27.64
1363747.079,369413413,355614958,27.04
1363847.079,369413413,355614958,24.92
1363947.079,369413233,355614891,19.74
1364047.079,369413233,355614891,7.29
1364147.079,369413055,355614815,4.49
1364247.079,369413055,355614815,5.44
1364347.079,369412878,355614731,5.73
1364447.079,369412878,355614731,6.32
1364547.079,369412698,355614644,6.14
1364647.079,369412698,355614644,4.23
1364747.079,369412532,355614546,3.54
1364847.079,369412532,355614546,3.11
1364947.079,369412360,355614449,1.56
1365047.079,369412360,355614449,1.66
1365147.079,369412189,355614351,2.07
1365247.079,369412189,355614351,0.96
1365347.079,369412011,355614255,1.89
1365447.079,369412011,355614255,4.18
1365547.079,369411837,355614152,6.2
1365647.079,369411837,355614152,7.65
1365747.079,369411673,355614037,9.19
1365847.079,369411673,355614037,11.88
1365947.079,369411508,355613921,11.44
1366047.079,369411508,355613921,12.41
1366147.079,369411343,355613801,12.76
1366247.079,369411343,355613801,11.63
1366347.079,369411178,355613677,11.97
1366447.079,369411178,355613677,12.06
1366547.079,369411019,355613549,10.57
1366647.079,369411019,355613549,7.72
1366747.079,369410867,355613415,6.74
1366847.079,369410867,355613415,5.9
1366947.079,369410710,355613277,6.28
1367047.079,369410710,355613277,7.05
1367147.079,369410559,355613131,6.61
1367247.079,369410559,355613131,6.48
1367347.079,369410409,355612982,6.04
1367447.079,369410409,355612982,5.53
1367547.079,369410259,355612830,4.26
1367647.079,369410259,355612830,3.33
1367747.079,369410107,355612663,2.95
1367847.079,369410107,355612663,0.28
1367947.079,369409958,355612502,-0.55
1368047.079,369409958,355612502,-0.07
1368147.079,369409812,355612348,-1
1368247.079,369409812,355612348,0.10000000000000003
1368347.079,369409665,355612195,0.27
1368447.079,369409665,355612195,0.2
1368547.079,369409520,355612042,0.63
1368647.079,369409520,355612042,0.41
1368747.079,369409368,355611878,0.09
1368847.079,369409368,355611878,-0.32
1368947.079,369409223,355611726,0.34
1369047.079,369409223,355611726,-2.4400000000000004
1369147.079,369409076,355611579,-4.82
1369247.079,369409076,355611579,-3.69
1369347.079,369408931,355611436,-2.97
1369447.079,369408931,355611436,-0.3599999999999999
1369547.079,369408786,355611294,1.27
1369647.079,369408786,355611294,0.010000000000000064
1369747.079,369408637,355611148,0.46
1369847.079,369408637,355611148,0.49
1369947.079,369408491,355611007,-0.87
1370047.079,369408491,355611007,-2.2
1370147.079,369408344,355610868,-2.61
1370247.079,369408344,355610868,-8.24
1370347.079,369408195,355610738,-11.86
1370447.079,369408195,355610738,-11.29
1370547.079,369408042,355610612,-8.58
1370647.079,369408042,355610612,-0.6099999999999999
1370747.079,369407892,355610495,1.32
1370847.079,369407892,355610495,0.36
1370947.079,369407741,355610376,1.03
1371047.079,369407741,355610376,-1.24
1371147.079,369407590,355610256,-1.93
1371247.079,369407590,355610256,-1.38
1371347.079,369407433,355610138,-0.68
1371447.079,369407433,355610138,-0.12
1371547.079,369407274,355610015,0.23
1371647.079,369407274,355610015,0.71
1371747.079,369407117,355609892,1.13
1371847.079,369407117,355609892,2.66
1371947.079,369406953,355609760,5.98
1372047.079,369406953,355609760,5.09
1372147.079,369406782,355609626,-0.2599999999999998
1372247.079,369406782,355609626,-1.61
1372347.079,369406609,355609486,-2.02
1372447.079,369406609,355609486,-6.37
1372547.079,369406427,355609347,-6.45
1372647.079,369406427,355609347,-4.66
1372747.079,369406250,355609204,-2.11
1372847.079,369406250,355609204,0.37
1372947.079,369406060,355609064,-1.05
1373047.079,369406060,355609064,-3.23
1373147.079,369405867,355608921,-4.74
1373247.079,369405867,355608921,-5.71
1373347.079,369405666,355608784,-5.83
1373447.079,369405666,355608784,-4.82
1373547.079,369405462,355608646,-4.55
1373647.079,369405462,355608646,-6.14
1373747.079,369405258,355608514,-8.21
1373847.079,369405258,355608514,-9.62
1373947.079,369405045,355608383,-10.12
1374047.079,369405045,355608383,-10.1
1374147.079,369404824,355608258,-9.89
1374247.079,369404824,355608258,-8.98
1374347.079,369404599,355608139,-10.28
1374447.079,369404599,355608139,-12.31
1374547.079,369404365,355608031,-12.37
1374647.079,369404365,355608031,-11.82
1374747.079,369404144,355607939,-12.12
1374847.079,369404144,355607939,-12.12
1374947.079,369403906,355607852,-13.11
1375047.079,369403906,355607852,-12.65
1375147.079,369403661,355607770,-12.08
1375247.079,369403661,355607770,-11.74
1375347.079,369403410,355607692,-10.13
1375447.079,369403410,355607692,-7.2
1375547.079,369403151,355607623,-5.95
1375647.079,369403151,355607623,-4.94
1375747.079,369402896,355607559,-2.79
1375847.079,369402896,355607559,1.37
1375947.079,369402639,355607488,1.14
1376047.079,369402639,355607488,0.48
1376147.079,369402375,355607421,-0.03
1376247.079,369402375,355607421,-0.2
1376347.079,369402111,355607355,-0.15
1376447.079,369402111,355607355,-1.42
1376547.079,369401846,355607288,-2.23
1376647.079,369401846,355607288,-2.23
1376747.079,369401579,355607229,-4.25
1376847.079,369401579,355607229,-7.24
1376947.079,369401310,355607173,-9.92
1377047.079,369401310,355607173,-10.23
1377147.079,369401037,355607126,-10.17
1377247.079,369401037,355607126,-9.24
1377347.079,369400764,355607086,-9.22
1377447.079,369400764,355607086,-9.66
1377547.079,369400487,355607053,-8.73
1377647.079,369400487,355607053,-8.88
1377747.079,369400205,355607034,-10.86
1377847.079,369400205,355607034,-10.8
1377947.079,369399924,355607024,-10.2
1378047.079,369399924,355607024,-9.6
1378147.079,369399645,355607019,-8.2
1378247.079,369399645,355607019,-7.97
1378347.079,369399360,355607023,-8.21
1378447.079,369399360,355607023,-9.2
1378547.079,369399077,355607033,-9.62
1378647.079,369399077,355607033,-8.18
1378747.079,369398798,355607056,-7.33
1378847.079,369398798,355607056,-2.73
1378947.079,369398511,355607085,1.15
1379047.079,369398511,355607085,1.57
1379147.079,369398229,355607107,1.03
1379247.079,369398229,355607107,-0.3999999999999999
1379347.079,369397950,355607131,-0.49
1379447.079,369397950,355607131,-0.07000000000000002
1379547.079,369397668,355607162,0.12
1379647.079,369397668,355607162,0.87
1379747.079,369397391,355607198,0.71
1379847.079,369397391,355607198,0.2
1379947.079,369397111,355607231,0.3
1380047.079,369397111,355607231,0.3
1380147.079,369396832,355607267,0.29
1380247.079,369396832,355607267,0.37
1380347.079,369396555,355607304,0.32
1380447.079,369396555,355607304,0.06
1380547.079,369396276,355607342,0.01
1380647.079,369396276,355607342,0.05
1380747.079,369396007,355607385,0.04
1380847.079,369396007,355607385,-0.27
1380947.079,369395731,355607428,-0.06
1381047.079,369395731,355607428,0.81
1381147.079,369395454,355607472,0.96
1381247.079,369395454,355607472,0.3400000000000001
1381347.079,369395180,355607517,0.07
1381447.079,369395180,355607517,0.08
1381547.079,369394903,355607564,-0.020000000000000004
1381647.079,369394903,355607564,-0.38
1381747.079,369394628,355607615,-0.18
1381847.079,369394628,355607615,0.41
1381947.079,369394351,355607668,0.21000000000000002
1382047.079,369394351,355607668,0.1
1382147.079,369394076,355607718,0.44
1382247.079,369394076,355607718,0.58
1382347.079,369393802,355607769,3.56
1382447.079,369393802,355607769,1.38
1382547.079,369393530,355607824,-9.89
1382647.079,369393530,355607824,-26.14
1382747.079,369393268,355607931,-37.46
1382847.079,369393268,355607931,-43.6
1382947.079,369392999,355608075,-41.33
1383047.079,369392999,355608075,-37.54
1383147.079,369392744,355608283,-36.21
1383247.079,369392744,355608283,-37.55
1383347.079,369392493,355608501,-38.83
1383447.079,369392493,355608501,-38.39
1383547.079,369392241,355608723,-38.17
1383647.079,369392241,355608723,-38.46
1383747.079,369391998,355608977,-39.22
1383847.079,369391998,355608977,-39.24
1383947.079,369391769,355609289,-38.54
1384047.079,369391769,355609289,-37.64
1384147.079,369391552,355609632,-37.72
1384247.079,369391552,355609632,-38.23
1384347.079,369391339,355609993,-38.49
1384447.079,369391339,355609993,-39.01
1384547.079,369391137,355610377,-39.33
1384647.079,369391137,355610377,-39.75
1384747.079,369390955,355610800,-40.06
1384847.079,369390955,355610800,-39.34
1384947.079,369390790,355611251,-39.02
1385047.079,369390790,355611251,-38.89
1385147.079,369390646,355611727,-38.96
1385247.079,369390646,355611727,-39.14
1385347.079,369390521,355612224,-39.13
1385447.079,369390521,355612224,-38.98
1385547.079,369390414,355612742,-38.98
1385647.079,369390414,355612742,-39.23
1385747.079,369390340,355613291,-39.27
1385847.079,369390340,355613291,-39.32
1385947.079,369390284,355613853,-39.35
1386047.079,369390284,355613853,-39.69
1386147.079,369390254,355614432,-40
1386247.079,369390254,355614432,-39.98
1386347.079,369390254,355615025,-38.92
1386447.079,369390254,355615025,-24.29
1386547.079,369390272,355615630,-12.170000000000002
1386647.079,369390272,355615630,5.87
1386747.079,369390282,355616226,18.13
1386847.079,369390282,355616226,33.92
1386947.079,369390278,355616811,41.9
1387047.079,369390278,355616811,46.24
1387147.079,369390241,355617377,45.09
1387247.079,369390241,355617377,43.78
1387347.079,369390182,355617930,43.8
1387447.079,369390182,355617930,43.86
1387547.079,369390114,355618483,44.69
1387647.079,369390114,355618483,44.52
1387747.079,369390033,355619025,44.01
1387847.079,369390033,355619025,43.87
1387947.079,369389910,355619535,43.3
1388047.079,369389910,355619535,43.79
1388147.079,369389754,355620008,43.55
1388247.079,369389754,355620008,44.78
1388347.079,369389580,355620456,45.43
1388447.079,369389580,355620456,44.76
1388547.079,369389389,355620877,44.45
1388647.079,369389389,355620877,44.36
1388747.079,369389177,355621265,44.13
1388847.079,369389177,355621265,43.49
1388947.079,369388947,355621614,43.94
1389047.079,369388947,355621614,43.7
1389147.079,369388698,355621918,44.12
1389247.079,369388698,355621918,45.49
1389347.079,369388440,355622187,45.68
1389447.079,369388440,355622187,43.63
1389547.079,369388171,355622426,43.04
1389647.079,369388171,355622426,44.87
1389747.079,369387902,355622642,44.66
1389847.079,369387902,355622642,45.98
1389947.079,369387624,355622816,45.39
1390047.079,369387624,355622816,45.24
1390147.079,369387344,355622943,45.09
1390247.079,369387344,355622943,42.88
1390347.079,369387061,355623030,43.2
1390447.079,369387061,355623030,42.91
1390547.079,369386788,355623080,42
1390647.079,369386788,355623080,41.87
1390747.079,369386522,355623111,41.43
1390847.079,369386522,355623111,40.98
1390947.079,369386259,355623102,40.01
1391047.079,369386259,355623102,38.04
1391147.079,369386006,355623053,38.25
1391247.079,369386006,355623053,37.47
1391347.079,369385766,355622972,37.6
1391447.079,369385766,355622972,34.52
1391547.079,369385539,355622862,32.77
1391647.079,369385539,355622862,27.88
1391747.079,369385322,355622747,16.93
1391847.079,369385322,355622747,3.0600000000000005
1391947.079,369385102,355622626,-1.65
1392047.079,369385102,355622626,-0.49
1392147.079,369384880,355622509,0.54
1392247.079,369384880,355622509,2.12
1392347.079,369384659,355622393,2.22
1392447.079,369384659,355622393,0.76
1392547.079,369384439,355622274,0.59
1392647.079,369384439,355622274,0.72
1392747.079,369384221,355622147,0.08000000000000002
1392847.079,369384221,355622147,-0.51
1392947.079,369384001,355622032,-0.15000000000000008
1393047.079,369384001,355622032,0.77
1393147.079,369383775,355621927,0.44
1393247.079,369383775,355621927,-0.26
1393347.079,369383556,355621813,-0.32
1393447.079,369383556,355621813,-1.13
1393547.079,369383335,355621701,-1.81
1393647.079,369383335,355621701,-0.4099999999999999
1393747.079,369383115,355621590,0.42
1393847.079,369383115,355621590,-0.05
1393947.079,369382895,355621478,0.6
1394047.079,369382895,355621478,1.49
1394147.079,369382678,355621364,8.900000000000002
1394247.079,369382678,355621364,27.77
1394347.079,369382464,355621240,36.97
1394447.079,369382464,355621240,39.23
1394547.079,369382270,355621080,36.96
1394647.079,369382270,355621080,34.63
1394747.079,369382110,355620879,33.43
1394847.079,369382110,355620879,32.49
1394947.079,369381958,355620663,33.08
1395047.079,369381958,355620663,33.19
1395147.079,369381807,355620449,32.81
1395247.079,369381807,355620449,32.42
1395347.079,369381669,355620215,32.66
1395447.079,369381669,355620215,33.19
1395547.079,369381556,355619952,33.06
1395647.079,369381556,355619952,32.36
1395747.079,369381463,355619675,31.83
1395847.079,369381463,355619675,30.72
1395947.079,369381382,355619384,29.94
1396047.079,369381382,355619384,29.12
1396147.079,369381315,355619085,30.19
1396247.079,369381315,355619085,30.09
1396347.079,369381258,355618774,29.9
1396447.079,369381258,355618774,29.91
1396547.079,369381223,355618450,30.37
1396647.079,369381223,355618450,30.8
1396747.079,369381211,355618104,29.97
1396847.079,369381211,355618104,28.97
1396947.079,369381216,355617750,28.34
1397047.079,369381216,355617750,27.97
1397147.079,369381235,355617396,29.09
1397247.079,369381235,355617396,30.32
1397347.079,369381265,355617041,30.65
1397447.079,369381265,355617041,30.6
1397547.079,369381317,355616677,30.33
1397647.079,369381317,355616677,29.95
1397747.079,369381392,355616304,30
1397847.079,369381392,355616304,29.91
1397947.079,369381487,355615929,29.85
1398047.079,369381487,355615929,29.54
1398147.079,369381601,355615556,29.3
1398247.079,369381601,355615556,30.14
1398347.079,369381725,355615177,31.42
1398447.079,369381725,355615177,35.24
1398547.079,369381875,355614803,38.05
1398647.079,369381875,355614803,38.19
1398747.079,369382055,355614437,36.05
1398847.079,369382055,355614437,34.61
1398947.079,369382262,355614078,34.48
1399047.079,369382262,355614078,33.15
1399147.079,369382483,355613725,33.78
1399247.079,369382483,355613725,34.43
1399347.079,369382723,355613379,34.4
1399447.079,369382723,355613379,34.57
1399547.079,369382990,355613045,34.55
1399647.079,369382990,355613045,34.32
1399747.079,369383276,355612745,33.77
1399847.079,369383276,355612745,32.46
1399947.079,369383583,355612447,31.47
1400047.079,369383583,355612447,31.54
1400147.079,369383902,355612151,31.79
1400247.079,369383902,355612151,30.45
1400347.079,369384236,355611868,29.83
1400447.079,369384236,355611868,30.01
1400547.079,369384588,355611594,30.35
1400647.079,369384588,355611594,29.35
1400747.079,369384953,355611325,28.57
1400847.079,369384953,355611325,28.06
1400947.079,369385333,355611081,28.08
1401047.079,369385333,355611081,27.33
1401147.079,369385726,355610849,26.97
1401247.079,369385726,355610849,26.98
1401347.079,369386128,355610628,25.96
1401447.079,369386128,355610628,23.66
1401547.079,369386541,355610420,22.14
1401647.079,369386541,355610420,22.91
1401747.079,369386970,355610218,23.71
1401847.079,369386970,355610218,23.94
1401947.079,369387411,355610048,24.1
1402047.079,369387411,355610048,22.28
1402147.079,369387856,355609894,19.84
1402247.079,369387856,355609894,13.27
1402347.079,369388303,355609749,12.22
1402447.079,369388303,355609749,13.98
1402547.079,369388749,355609603,13.84
1402647.079,369388749,355609603,15.1
1402747.079,369389209,355609461,14.46
1402847.079,369389209,355609461,14.08
1402947.079,369389669,355609341,12.08
1403047.079,369389669,355609341,9.95
1403147.079,369390129,355609234,9.53
1403247.079,369390129,355609234,10.08
1403347.079,369390586,355609130,9.62
1403447.079,369390586,355609130,10.2
1403547.079,369391042,355609030,9.12
1403647.079,369391042,355609030,7.93
1403747.079,369391505,355608921,6.92
1403847.079,369391505,355608921,4.94
1403947.079,369391967,355608823,4.54
1404047.079,369391967,355608823,4.81
1404147.079,369392426,355608732,6.38
1404247.079,369392426,355608732,21.25
1404347.079,369392888,355608649,34.22
1404447.079,369392888,355608649,45.93
1404547.079,369393352,355608603,47.26
1404647.079,369393352,355608603,45.25
1404747.079,369393827,355608600,43.42
1404847.079,369393827,355608600,42.41
1404947.079,369394316,355608688,43.39
1405047.079,369394316,355608688,45.29
1405147.079,369394803,355608777,45.4
1405247.079,369394803,355608777,43.82
1405347.079,369395288,355608877,43.22
1405447.079,369395288,355608877,43.07
1405547.079,369395774,355609033,42.77
1405647.079,369395774,355609033,43.3
1405747.079,369396255,355609242,44.87
1405847.079,369396255,355609242,45.09
1405947.079,369396721,355609528,44.77
1406047.079,369396721,355609528,43.48
1406147.079,369397181,355609830,43.82
1406247.079,369397181,355609830,44.74
1406347.079,369397632,355610161,44.81
1406447.079,369397632,355610161,43.79
1406547.079,369398075,355610524,43.95
1406647.079,369398075,355610524,45.49
1406747.079,369398504,355610915,45.22
1406847.079,369398504,355610915,45.21
1406947.079,369398920,355611341,45.27
1407047.079,369398920,355611341,44.23
1407147.079,369399310,355611805,44.09
1407247.079,369399310,355611805,44.77
1407347.079,369399680,355612290,45.45
1407447.079,369399680,355612290,45.04
1407547.079,369400025,355612802,44.17
1407647.079,369400025,355612802,44.2
1407747.079,369400319,355613357,43.92
1407847.079,369400319,355613357,44.1
1407947.079,369400584,355613935,45.08
1408047.079,369400584,355613935,46.28
1408147.079,369400836,355614518,45.52
1408247.079,369400836,355614518,44.55
1408347.079,369401055,355615116,44.34
1408447.079,369401055,355615116,44.39
1408547.079,369401246,355615726,44.6
1408647.079,369401246,355615726,44.91
1408747.079,369401427,355616327,45.37
1408847.079,369401427,355616327,44.76
1408947.079,369401561,355616938,43.86
1409047.079,369401561,355616938,43.85
1409147.079,369401671,355617567,44.29
1409247.079,369401671,355617567,45.07
1409347.079,369401735,355618178,45.05
1409447.079,369401735,355618178,44.51
1409547.079,369401758,355618788,44.78
1409647.079,369401758,355618788,45.39
1409747.079,369401746,355619386,45.31
1409847.079,369401746,355619386,44.78
1409947.079,369401717,355619967,44.73
1410047.079,369401717,355619967,44.77
1410147.079,369401659,355620536,45.22
1410247.079,369401659,355620536,44.75
1410347.079,369401570,355621079,44.38
1410447.079,369401570,355621079,45.46
1410547.079,369401452,355621599,45.16
1410647.079,369401452,355621599,44.69
1410747.079,369401307,355622078,45.12
1410847.079,369401307,355622078,44.92
1410947.079,369401141,355622537,44.66
1411047.079,369401141,355622537,41.7
1411147.079,369400952,355622967,39.43
1411247.079,369400952,355622967,38.14
1411347.079,369400752,355623379,37.99
1411447.079,369400752,355623379,36.59
1411547.079,369400542,355623774,35.67
1411647.079,369400542,355623774,35.37
1411747.079,369400301,355624120,34.41
1411847.079,369400301,355624120,30.55
1411947.079,369400055,355624451,30.84
1412047.079,369400055,355624451,41.64
1412147.079,369399798,355624768,46.89
1412247.079,369399798,355624768,45.78
1412347.079,369399530,355625037,44.97
1412447.079,369399530,355625037,44.85
1412547.079,369399240,355625259,42.84
1412647.079,369399240,355625259,42.11
1412747.079,369398965,355625419,41.41
1412847.079,369398965,355625419,39.57
1412947.079,369398679,355625567,38.86
1413047.079,369398679,355625567,38.66
1413147.079,369398390,355625683,38.45
1413247.079,369398390,355625683,38.5
1413347.079,369398100,355625776,37.87
1413447.079,369398100,355625776,37.24
1413547.079,369397810,355625829,36.25
1413647.079,369397810,355625829,34.25
1413747.079,369397518,355625860,33.57
1413847.079,369397518,355625860,33.55
1413947.079,369397234,355625867,33.66
1414047.079,369397234,355625867,33.83
1414147.079,369396952,355625867,33.47
1414247.079,369396952,355625867,31.93
1414347.079,369396674,355625838,31.53
1414447.079,369396674,355625838,32.5
1414547.079,369396403,355625775,31.5
1414647.079,369396403,355625775,29.18
1414747.079,369396139,355625685,28.1
1414847.079,369396139,355625685,27.15
1414947.079,369395882,355625573,26.88
1415047.079,369395882,355625573,27.02
1415147.079,369395635,355625440,27.22
1415247.079,369395635,355625440,26.48
1415347.079,369395389,355625298,25.87
1415447.079,369395389,355625298,24.98
1415547.079,369395151,355625137,24.73
1415647.079,369395151,355625137,22.8
1415747.079,369394920,355624961,21.54
1415847.079,369394920,355624961,20.02
1415947.079,369394692,355624762,19.1
1416047.079,369394692,355624762,18.48
1416147.079,369394475,355624562,18.13
1416247.079,369394475,355624562,18.58
1416347.079,369394273,355624348,17
1416447.079,369394273,355624348,14.74
1416547.079,369394074,355624135,13.02
1416647.079,369394074,355624135,11.9
1416747.079,369393850,355623942,11.85
1416847.079,369393850,355623942,10.98
1416947.079,369393645,355623739,10.33
1417047.079,369393645,355623739,10.33
1417147.079,369393454,355623526,9.41
1417247.079,369393454,355623526,8.94
1417347.079,369393272,355623301,8.78
1417447.079,369393272,355623301,8.08
1417547.079,369393097,355623072,7.54
1417647.079,369393097,355623072,7.41
1417747.079,369392913,355622844,6.86
1417847.079,369392913,355622844,5.54
1417947.079,369392736,355622618,5.45
1418047.079,369392736,355622618,6.21
1418147.079,369392567,355622394,6.01
1418247.079,369392567,355622394,4.9
1418347.079,369392406,355622161,4.1
1418447.079,369392406,355622161,3.52
1418547.079,369392251,355621924,3.42
1418647.079,369392251,355621924,3.04
1418747.079,369392101,355621697,2.84
1418847.079,369392101,355621697,2.51
1418947.079,369391949,355621463,2.28
1419047.079,369391949,355621463,1.68
1419147.079,369391795,355621234,2.34
1419247.079,369391795,355621234,2.43
1419347.079,369391645,355621002,1.62
1419447.079,369391645,355621002,-0.53
1419547.079,369391497,355620771,-0.83
1419647.079,369391497,355620771,0.36
1419747.079,369391361,355620539,0.61
1419847.079,369391361,355620539,0.88
1419947.079,369391223,355620310,0.14
1420047.079,369391223,355620310,-1.23
1420147.079,369391082,355620088,-0.44999999999999996
1420247.079,369391082,355620088,-0.78
1420347.079,369390938,355619876,-0.96
1420447.079,369390938,355619876,0.21
1420547.079,369390795,355619657,-0.5900000000000001
1420647.079,369390795,355619657,-1.22
1420747.079,369390654,355619446,-2.65
1420847.079,369390654,355619446,-2.72
1420947.079,369390504,355619239,-1.84
1421047.079,369390504,355619239,-2.21
1421147.079,369390355,355619033,-2.86
1421247.079,369390355,355619033,-2.95
1421347.079,369390209,355618830,-2.93
1421447.079,369390209,355618830,-3.25
1421547.079,369390061,355618627,-3.01
1421647.079,369390061,355618627,-2
1421747.079,369389916,355618427,-1.67
1421847.079,369389916,355618427,-1.55
1421947.079,369389769,355618230,-1.88
1422047.079,369389769,355618230,-2.18
1422147.079,369389622,355618032,-3.71
1422247.079,369389622,355618032,-4.21
1422347.079,369389468,355617842,-2.65
1422447.079,369389468,355617842,-2.49
1422547.079,369389314,355617650,-4.42
1422647.079,369389314,355617650,-5.11
1422747.079,369389152,355617469,-4.79
1422847.079,369389152,355617469,-5.08
1422947.079,369388993,355617291,-4.96
1423047.079,369388993,355617291,-3.41
1423147.079,369388829,355617119,-3.18
1423247.079,369388829,355617119,-3.6
1423347.079,369388671,355616942,-3.76
1423447.079,369388671,355616942,-3.75
1423547.079,369388506,355616773,-3.69
1423647.079,369388506,355616773,-3.82
1423747.079,369388334,355616615,-3.79
1423847.079,369388334,355616615,-3.13
1423947.079,369388161,355616460,-2.28
1424047.079,369388161,355616460,-2.25
1424147.079,369387990,355616305,-2.5
1424247.079,369387990,355616305,-1.93
1424347.079,369387826,355616148,-2.8
1424447.079,369387826,355616148,-2.89
1424547.079,369387656,355615995,-1.15
1424647.079,369387656,355615995,13.77
1424747.079,369387497,355615837,26.79
1424847.079,369387497,355615837,36.14
1424947.079,369387349,355615656,34.93
1425047.079,369387349,355615656,31.89
1425147.079,369387230,355615446,30.6
1425247.079,369387230,355615446,30.1
1425347.079,369387123,355615227,30.93
1425447.079,369387123,355615227,31.16
1425547.079,369387021,355615010,31.15
1425647.079,369387021,355615010,31.22
1425747.079,369386926,355614790,30.87
1425847.079,369386926,355614790,31.05
1425947.079,369386862,355614529,31.75
1426047.079,369386862,355614529,32.42
1426147.079,369386821,355614252,32.24
1426247.079,369386821,355614252,31.99
1426347.079,369386799,355613964,31.82
1426447.079,369386799,355613964,32.35
1426547.079,369386783,355613674,33.28
1426647.079,369386783,355613674,33.83
1426747.079,369386783,355613355,33.48
1426847.079,369386783,355613355,34
1426947.079,369386809,355613032,34.54
1427047.079,369386809,355613032,35.4
1427147.079,369386858,355612704,35.63
1427247.079,369386858,355612704,35.54
1427347.079,369386931,355612371,35.89
1427447.079,369386931,355612371,36.7
1427547.079,369387034,355612036,36.39
1427647.079,369387034,355612036,36.63
1427747.079,369387180,355611690,37.44
1427847.079,369387180,355611690,37.8
1427947.079,369387337,355611348,37.77
1428047.079,369387337,355611348,37.74
1428147.079,369387520,355611026,37.92
1428247.079,369387520,355611026,38.32
1428347.079,369387729,355610706,38.57
1428447.079,369387729,355610706,38.88
1428547.079,369387961,355610382,38.29
1428647.079,369387961,355610382,38.06
1428747.079,369388211,355610058,38.26
1428847.079,369388211,355610058,38.19
1428947.079,369388489,355609748,37.83
1429047.079,369388489,355609748,37.38
1429147.079,369388779,355609452,37.16
1429247.079,369388779,355609452,37.18
1429347.079,369389096,355609165,37.22
1429447.079,369389096,355609165,36.17
1429547.079,369389439,355608888,34.77
1429647.079,369389439,355608888,33.83
1429747.079,369389783,355608611,34.06
1429847.079,369389783,355608611,32.88
1429947.079,369390148,355608362,32.68
1430047.079,369390148,355608362,31.78
1430147.079,369390537,355608148,30.73
1430247.079,369390537,355608148,29.32
1430347.079,369390933,355607947,28.48
1430447.079,369390933,355607947,28.61
1430547.079,369391348,355607764,28.21
1430647.079,369391348,355607764,26.82
1430747.079,369391769,355607587,25.52
1430847.079,369391769,355607587,25.39
1430947.079,369392193,355607424,24.54
1431047.079,369392193,355607424,25.81
1431147.079,369392630,355607275,34.53
1431247.079,369392630,355607275,46.9
1431347.079,369393082,355607176,46.91
1431447.079,369393082,355607176,46.57
1431547.079,369393556,355607153,47.39
1431647.079,369393556,355607153,45.75
1431747.079,369394043,355607182,45.1
1431847.079,369394043,355607182,45.6
1431947.079,369394535,355607228,45.35
1432047.079,369394535,355607228,45.25
1432147.079,369395025,355607293,44.75
1432247.079,369395025,355607293,43.34
1432347.079,369395523,355607396,43.48
1432447.079,369395523,355607396,44.87
1432547.079,369396016,355607576,44.5
1432647.079,369396016,355607576,43.17
1432747.079,369396514,355607760,43.74
1432847.079,369396514,355607760,44.74
1432947.079,369396974,355608032,45.49
1433047.079,369396974,355608032,45.03
1433147.079,369397427,355608326,44.23
1433247.079,369397427,355608326,44.84
1433347.079,369397879,355608646,44.55
1433447.079,369397879,355608646,45.07
1433547.079,369398318,355609013,45.18
1433647.079,369398318,355609013,44.46
1433747.079,369398732,355609419,44.83
1433847.079,369398732,355609419,44.96
1433947.079,369399107,355609886,44.3
1434047.079,369399107,355609886,44.34
1434147.079,369399469,355610366,44.63
1434247.079,369399469,355610366,44.6
1434347.079,369399808,355610869,44.78
1434447.079,369399808,355610869,45.66
1434547.079,369400126,355611393,45.23
1434647.079,369400126,355611393,44.07
1434747.079,369400427,355611920,43.86
1434847.079,369400427,355611920,44.8
1434947.079,369400672,355612481,44.5
1435047.079,369400672,355612481,44.6
1435147.079,369400881,355613057,45.33
1435247.079,369400881,355613057,44.8
1435347.079,369401058,355613639,44.97
1435447.079,369401058,355613639,45.84
1435547.079,369401206,355614228,45.84
1435647.079,369401206,355614228,45.39
1435747.079,369401319,355614826,44.5
1435847.079,369401319,355614826,45.24
1435947.079,369401402,355615422,45.27
1436047.079,369401402,355615422,44.6
1436147.079,369401455,355616003,44.86
1436247.079,369401455,355616003,45.42
1436347.079,369401487,355616585,45.03
1436447.079,369401487,355616585,44.68
1436547.079,369401479,355617168,44.99
1436647.079,369401479,355617168,45.67
1436747.079,369401453,355617761,45.95
1436847.079,369401453,355617761,45.44
1436947.079,369401374,355618301,45.01
1437047.079,369401374,355618301,44.54
1437147.079,369401273,355618825,44.74
1437247.079,369401273,355618825,45.45
1437347.079,369401151,355619330,45.9
1437447.079,369401151,355619330,45.13
1437547.079,369401008,355619812,45.3
1437647.079,369401008,355619812,44.09
1437747.079,369400830,355620255,42.54
1437847.079,369400830,355620255,40.58
1437947.079,369400638,355620679,38.78
1438047.079,369400638,355620679,37.08
1438147.079,369400435,355621084,36.49
1438247.079,369400435,355621084,35.55
1438347.079,369400223,355621462,34.84
1438447.079,369400223,355621462,33.25
1438547.079,369399991,355621817,31.89
1438647.079,369399991,355621817,28.71
1438747.079,369399758,355622161,26.87
1438847.079,369399758,355622161,26.33
1438947.079,369399509,355622478,24.62
1439047.079,369399509,355622478,23.87
1439147.079,369399256,355622770,22.28
1439247.079,369399256,355622770,20.42
1439347.079,369399002,355623052,20.5
1439447.079,369399002,355623052,20.56
1439547.079,369398750,355623324,20.57
1439647.079,369398750,355623324,23.64
1439747.079,369398497,355623576,34.17
1439847.079,369398497,355623576,47
1439947.079,369398233,355623789,47.1
1440047.079,369398233,355623789,43.91
1440147.079,369397959,355623942,40.87
1440247.079,369397959,355623942,37.42
1440347.079,369397679,355624036,36.35
1440447.079,369397679,355624036,32.5
1440547.079,369397394,355624131,32.17
1440647.079,369397394,355624131,33.29
1440747.079,369397105,355624246,32.44
1440847.079,369397105,355624246,31.8
1440947.079,369396819,355624325,32.71
1441047.079,369396819,355624325,36.25
1441147.079,369396541,355624344,35.14
1441247.079,369396541,355624344,31.98
1441347.079,369396286,355624293,29.67
1441447.079,369396286,355624293,26.15
1441547.079,369396033,355624238,25.44
1441647.079,369396033,355624238,25.81
1441747.079,369395784,355624188,26.08
1441847.079,369395784,355624188,24.89
1441947.079,369395543,355624124,24.61
1442047.079,369395543,355624124,25.55
1442147.079,369395310,355624027,25.18
1442247.079,369395310,355624027,23.98
1442347.079,369395089,355623906,22.37
1442447.079,369395089,355623906,20.14
1442547.079,369394869,355623783,18.82
1442647.079,369394869,355623783,18.1
1442747.079,369394652,355623662,18.32
1442847.079,369394652,355623662,18.02
1442947.079,369394437,355623530,17.81
1443047.079,369394437,355623530,17.79
1443147.079,369394224,355623388,17.61
1443247.079,369394224,355623388,15.94
1443347.079,369394031,355623224,14.58
1443447.079,369394031,355623224,12.55
1443547.079,369393842,355623054,11.78
1443647.079,369393842,355623054,11.43
1443747.079,369393655,355622882,11.1
1443847.079,369393655,355622882,10.47
1443947.079,369393473,355622703,10.36
1444047.079,369393473,355622703,10.38
1444147.079,369393291,355622523,10.07
1444247.079,369393291,355622523,8.71
1444347.079,369393113,355622341,7.91
1444447.079,369393113,355622341,7.42
1444547.079,369392949,355622143,6.94
1444647.079,369392949,355622143,6.4
1444747.079,369392772,355621955,6.14
1444847.079,369392772,355621955,6.4
1444947.079,369392601,355621763,6.08
1445047.079,369392601,355621763,4.89
1445147.079,369392436,355621565,5.23
1445247.079,369392436,355621565,4.5
1445347.079,369392274,355621371,4.16
1445447.079,369392274,355621371,4.14
1445547.079,369392118,355621175,4.13
1445647.079,369392118,355621175,3.47
1445747.079,369391953,355620974,2.83
1445847.079,369391953,355620974,2.45
1445947.079,369391791,355620776,2.39
1446047.079,369391791,355620776,2.1
1446147.079,369391633,355620582,2.31
1446247.079,369391633,355620582,2.52
1446347.079,369391477,355620389,2.67
1446447.079,369391477,355620389,1
1446547.079,369391318,355620200,1.06
1446647.079,369391318,355620200,1.27
1446747.079,369391158,355619998,0.74
1446847.079,369391158,355619998,0.74
1446947.079,369391010,355619793,1.08
1447047.079,369391010,355619793,0.25
1447147.079,369390851,355619607,0.02
1447247.079,369390851,355619607,0.43
1447347.079,369390694,355619422,0.54
1447447.079,369390694,355619422,-0.18
1447547.079,369390544,355619234,-0.65
1447647.079,369390544,355619234,-0.78
1447747.079,369390396,355619046,-0.44
1447847.079,369390396,355619046,0.030000000000000013
1447947.079,369390243,355618865,0.03
1448047.079,369390243,355618865,-0.91
1448147.079,369390095,355618680,-1.75
1448247.079,369390095,355618680,-1.18
1448347.079,369389942,355618502,-0.86
1448447.079,369389942,355618502,-1.02
1448547.079,369389786,355618327,-1.15
1448647.079,369389786,355618327,-0.82
1448747.079,369389634,355618152,-0.64
1448847.079,369389634,355618152,-1.12
1448947.079,369389481,355617979,-0.95
1449047.079,369389481,355617979,-1.45
1449147.079,369389332,355617805,-2.46
1449247.079,369389332,355617805,-1.71
1449347.079,369389175,355617638,-1.12
1449447.079,369389175,355617638,-0.92
1449547.079,369389019,355617470,-0.64
1449647.079,369389019,355617470,-0.48
1449747.079,369388857,355617308,-0.39
1449847.079,369388857,355617308,-0.53
1449947.079,369388701,355617138,-1.3
1450047.079,369388701,355617138,-1.75
1450147.079,369388547,355616972,-2.03
1450247.079,369388547,355616972,-1.31
1450347.079,369388389,355616814,-1.11
1450447.079,369388389,355616814,-1.02
1450547.079,369388225,355616659,-1.18
1450647.079,369388225,355616659,-1.11
1450747.079,369388056,355616513,-1.38
1450847.079,369388056,355616513,-0.88
1450947.079,369387894,355616360,-0.85
1451047.079,369387894,355616360,-1.42
1451147.079,369387725,355616212,-2.07
1451247.079,369387725,355616212,0.52
1451347.079,369387568,355616055,10.969999999999999
1451447.079,369387568,355616055,30.83
1451547.079,369387419,355615889,36.49
1451647.079,369387419,355615889,34.76
1451747.079,369387287,355615702,32.12
1451847.079,369387287,355615702,30.81
1451947.079,369387175,355615488,30.48
1452047.079,369387175,355615488,31.22
1452147.079,369387081,355615258,31.18
1452247.079,369387081,355615258,31.07
1452347.079,369386993,355615024,31.71
1452447.079,369386993,355615024,31.65
1452547.079,369386920,355614779,31.25
1452647.079,369386920,355614779,32.01
1452747.079,369386865,355614517,31.87
1452847.079,369386865,355614517,31.75
1452947.079,369386830,355614238,31.31
1453047.079,369386830,355614238,31.56
1453147.079,369386817,355613947,32.58
1453247.079,369386817,355613947,33.53
1453347.079,369386827,355613645,33.31
1453447.079,369386827,355613645,34.24
1453547.079,369386855,355613328,34.77
1453647.079,369386855,355613328,34.13
1453747.079,369386903,355613024,34.36
1453847.079,369386903,355613024,35.12
1453947.079,369386977,355612707,35.83
1454047.079,369386977,355612707,36.21
1454147.079,369387077,355612379,36.19
1454247.079,369387077,355612379,36.35
1454347.079,369387203,355612050,36.42
1454447.079,369387203,355612050,36.68
1454547.079,369387348,355611711,36.5
1454647.079,369387348,355611711,36.24
1454747.079,369387524,355611391,35.18
1454847.079,369387524,355611391,35.61
1454947.079,369387721,355611062,37.33
1455047.079,369387721,355611062,37.02
1455147.079,369387933,355610732,37.07
1455247.079,369387933,355610732,37.11
1455347.079,369388172,355610409,37.31
1455447.079,369388172,355610409,36.67
1455547.079,369388439,355610097,36.36
1455647.079,369388439,355610097,36.2
1455747.079,369388721,355609796,36.2
1455847.079,369388721,355609796,35.97
1455947.079,369389026,355609514,35.4
1456047.079,369389026,355609514,34.42
1456147.079,369389348,355609239,34.16
1456247.079,369389348,355609239,33.92
1456347.079,369389688,355608979,33.49
1456447.079,369389688,355608979,32.69
1456547.079,369390049,355608731,32.66
1456647.079,369390049,355608731,32.29
1456747.079,369390404,355608475,31.3
1456847.079,369390404,355608475,29.62
1456947.079,369390786,355608254,29.19
1457047.079,369390786,355608254,28.86
1457147.079,369391180,355608057,28.2
1457247.079,369391180,355608057,27.11
1457347.079,369391586,355607873,26.28
1457447.079,369391586,355607873,25.81
1457547.079,369392004,355607712,24.9
1457647.079,369392004,355607712,23.68
1457747.079,369392423,355607566,23.94
1457847.079,369392423,355607566,37.29
1457947.079,369392858,355607446,46.25
1458047.079,369392858,355607446,46.54
1458147.079,369393321,355607385,45.11
1458247.079,369393321,355607385,44.07
1458347.079,369393796,355607359,44.18
1458447.079,369393796,355607359,44.97
1458547.079,369394284,355607382,45.22
1458647.079,369394284,355607382,44.95
1458747.079,369394779,355607407,45.17
1458847.079,369394779,355607407,45.58
1458947.079,369395284,355607462,45.48
1459047.079,369395284,355607462,44.78
1459147.079,369395790,355607578,44.5
1459247.079,369395790,355607578,45.06
1459347.079,369396289,355607739,44.99
1459447.079,369396289,355607739,45.06
1459547.079,369396785,355607954,44.88
1459647.079,369396785,355607954,44.9
1459747.079,369397278,355608186,44.87
1459847.079,369397278,355608186,44.99
1459947.079,369397764,355608472,45.46
1460047.079,369397764,355608472,45.49
1460147.079,369398238,355608795,44.85
1460247.079,369398238,355608795,44.67
1460347.079,369398697,355609158,45.08
1460447.079,369398697,355609158,44.8
1460547.079,369399128,355609584,44.55
1460647.079,369399128,355609584,44.77
1460747.079,369399555,355610022,44.58
1460847.079,369399555,355610022,44.14
1460947.079,369399936,355610513,44.07
1461047.079,369399936,355610513,44.78
1461147.079,369400301,355611029,45.43
1461247.079,369400301,355611029,44.73
1461347.079,369400644,355611562,44.08
1461447.079,369400644,355611562,44.6
1461547.079,369400956,355612116,44.95
1461647.079,369400956,355612116,45.37
1461747.079,369401238,355612685,45.5
1461847.079,369401238,355612685,45.2
1461947.079,369401478,355613278,45.1
1462047.079,369401478,355613278,44.22
1462147.079,369401696,355613877,43.94
1462247.079,369401696,355613877,45.43
1462347.079,369401880,355614488,45.8
1462447.079,369401880,355614488,44.83
1462547.079,369402035,355615096,44.82
1462647.079,369402035,355615096,45.29
1462747.079,369402169,355615680,45.89
1462847.079,369402169,355615680,46.18
1462947.079,369402257,355616272,45.16
1463047.079,369402257,355616272,44.73
1463147.079,369402313,355616862,45.08
1463247.079,369402313,355616862,45.94
1463347.079,369402331,355617461,45.8
1463447.079,369402331,355617461,45.18
1463547.079,369402318,355618053,44.61
1463647.079,369402318,355618053,45.44
1463747.079,369402271,355618614,46.24
1463847.079,369402271,355618614,45.65
1463947.079,369402196,355619156,45.08
1464047.079,369402196,355619156,44.4
1464147.079,369402094,355619675,45.4
1464247.079,369402094,355619675,45.56
1464347.079,369401973,355620171,45.35
1464447.079,369401973,355620171,44.84
1464547.079,369401818,355620628,43.52
1464647.079,369401818,355620628,42.31
1464747.079,369401650,355620947,41.6
1464847.079,369401650,355620947,40.45
1464947.079,369401459,355621299,39.5
1465047.079,369401459,355621299,37.81
1465147.079,369401249,355621670,36.88
1465247.079,369401249,355621670,35.98
1465347.079,369401020,355622017,35
1465447.079,369401020,355622017,32.78
1465547.079,369400792,355622372,31.1
1465647.079,369400792,355622372,29.25
1465747.079,369400559,355622672,28.34
1465847.079,369400559,355622672,27.36
1465947.079,369400321,355622979,26.62
1466047.079,369400321,355622979,24.74
1466147.079,369400074,355623271,23.47
1466247.079,369400074,355623271,22.26
1466347.079,369399808,355623568,21.4
1466447.079,369399808,355623568,20.17
1466547.079,369399544,355623841,20.31
1466647.079,369399544,355623841,34.44
1466747.079,369399250,355624090,44.26
1466847.079,369399250,355624090,45.33
1466947.079,369398959,355624300,44.22
1467047.079,369398959,355624300,41.6
1467147.079,369398666,355624433,38.88
1467247.079,369398666,355624433,34.59
1467347.079,369398405,355624520,32.87
1467447.079,369398405,355624520,31.56
1467547.079,369398144,355624623,31.53
1467647.079,369398144,355624623,32.32
1467747.079,369397867,355624722,32.95
1467847.079,369397867,355624722,33.29
1467947.079,369397591,355624785,32.82
1468047.079,369397591,355624785,31.02
1468147.079,369397334,355624791,28.91
1468247.079,369397334,355624791,26.2
1468347.079,369397086,355624778,24.65
1468447.079,369397086,355624778,23.76
1468547.079,369396839,355624762,24.28
1468647.079,369396839,355624762,24.9
1468747.079,369396583,355624743,24.97
1468847.079,369396583,355624743,25.09
1468947.079,369396344,355624689,25.21
1469047.079,369396344,355624689,23.78
1469147.079,369396110,355624615,22.56
1469247.079,369396110,355624615,20.92
1469347.079,369395881,355624531,19.93
1469447.079,369395881,355624531,19.38
1469547.079,369395655,355624444,19.92
1469647.079,369395655,355624444,20.32
1469747.079,369395408,355624372,20.48
1469847.079,369395408,355624372,20.4
1469947.079,369395182,355624271,19.77
1470047.079,369395182,355624271,18.87
1470147.079,369394969,355624150,18.05
1470247.079,369394969,355624150,16.92
1470347.079,369394771,355624014,16.27
1470447.079,369394771,355624014,15.38
1470547.079,369394570,355623874,15.07
1470647.079,369394570,355623874,14.83
1470747.079,369394358,355623741,14.92
1470847.079,369394358,355623741,14.55
1470947.079,369394167,355623583,13.71
1471047.079,369394167,355623583,12.74
1471147.079,369393991,355623410,12.33
1471247.079,369393991,355623410,12.17
1471347.079,369393826,355623226,12.2
1471447.079,369393826,355623226,10.21
1471547.079,369393661,355623038,9.06
1471647.079,369393661,355623038,8.42
1471747.079,369393488,355622852,8.34
1471847.079,369393488,355622852,8.35
1471947.079,369393325,355622653,8.17
1472047.079,369393325,355622653,7.56
1472147.079,369393163,355622448,7.06
1472247.079,369393163,355622448,5.85
1472347.079,369393009,355622234,5.05
1472447.079,369393009,355622234,4.7
1472547.079,369392856,355622024,4.79
1472647.079,369392856,355622024,4.5
1472747.079,369392699,355621809,4.14
1472847.079,369392699,355621809,3.95
1472947.079,369392541,355621594,3.75
1473047.079,369392541,355621594,2.31
1473147.079,369392389,355621376,0.97
1473247.079,369392389,355621376,1.43
1473347.079,369392236,355621155,1.18
1473447.079,369392236,355621155,2.36
1473547.079,369392084,355620933,3.17
1473647.079,369392084,355620933,0.17999999999999994
1473747.079,369391934,355620713,-1.35
1473847.079,369391934,355620713,-0.39
1473947.079,369391782,355620491,-0.29
1474047.079,369391782,355620491,-0.64
1474147.079,369391630,355620275,0.06
1474247.079,369391630,355620275,1.01
1474347.079,369391479,355620058,-0.4
1474447.079,369391479,355620058,-2.29
1474547.079,369391330,355619840,-1.54
1474647.079,369391330,355619840,-1.18
1474747.079,369391178,355619627,-2.02
1474847.079,369391178,355619627,-2.41
1474947.079,369391020,355619422,-2.45
1475047.079,369391020,355619422,-3.27
1475147.079,369390868,355619215,-3.26
1475247.079,369390868,355619215,-3.06
1475347.079,369390720,355619006,-3.01
1475447.079,369390720,355619006,-3.17
1475547.079,369390574,355618797,-3.14
1475647.079,369390574,355618797,-3.18
1475747.079,369390423,355618611,-2.55
1475847.079,369390423,355618611,-2.9
1475947.079,369390277,355618421,-3.76
1476047.079,369390277,355618421,-3.85
1476147.079,369390120,355618239,-3.05
1476247.079,369390120,355618239,-3.24
1476347.079,369389966,355618060,-3.4
1476447.079,369389966,355618060,-2.14
1476547.079,369389807,355617883,-2.78
1476647.079,369389807,355617883,-3.47
1476747.079,369389651,355617711,-2.64
1476847.079,369389651,355617711,-3.08
1476947.079,369389494,355617534,-3.68
1477047.079,369389494,355617534,-3.17
1477147.079,369389327,355617366,-2.81
1477247.079,369389327,355617366,-2.84
1477347.079,369389171,355617208,-3.09
1477447.079,369389171,355617208,-2.81
1477547.079,369389010,355617046,-2.57
1477647.079,369389010,355617046,-1.95
1477747.079,369388842,355616898,-1.79
1477847.079,369388842,355616898,-2.49
1477947.079,369388680,355616745,-2.46
1478047.079,369388680,355616745,-2.07
1478147.079,369388515,355616594,-1.69
1478247.079,369388515,355616594,-1.59
1478347.079,369388344,355616449,-1.74
1478447.079,369388344,355616449,-1.62
1478547.079,369388178,355616303,-1.31
1478647.079,369388178,355616303,-0.55
1478747.079,369388008,355616170,-0.35
1478847.079,369388008,355616170,-0.88
1478947.079,369387849,355616027,-1.31
1479047.079,369387849,355616027,-0.95
1479147.079,369387683,355615889,0.07999999999999996
1479247.079,369387683,355615889,14.53
1479347.079,369387510,355615756,27.73
1479447.079,369387510,355615756,36.24
1479547.079,369387358,355615595,34.67
1479647.079,369387358,355615595,31.42
1479747.079,369387237,355615412,30.21
1479847.079,369387237,355615412,29.8
1479947.079,369387125,355615210,30.32
1480047.079,369387125,355615210,31.21
1480147.079,369387016,355615008,30.89
1480247.079,369387016,355615008,30.47
1480347.079,369386919,355614796,30.8
1480447.079,369386919,355614796,31.28
1480547.079,369386844,355614554,31.73
1480647.079,369386844,355614554,32.52
1480747.079,369386791,355614314,32.36
1480847.079,369386791,355614314,32.23
1480947.079,369386756,355614045,32.92
1481047.079,369386756,355614045,33.99
1481147.079,369386741,355613760,35.08
1481247.079,369386741,355613760,33.6
1481347.079,369386734,355613468,33.88
1481447.079,369386734,355613468,33.95
1481547.079,369386741,355613163,34.53
1481647.079,369386741,355613163,35.56
1481747.079,369386785,355612863,35.39
1481847.079,369386785,355612863,36
1481947.079,369386851,355612548,36.5
1482047.079,369386851,355612548,36.75
1482147.079,369386943,355612217,36.76
1482247.079,369386943,355612217,36.98
1482347.079,369387053,355611890,37.56
1482447.079,369387053,355611890,37.53
1482547.079,369387182,355611556,37.29
1482647.079,369387182,355611556,37.02
1482747.079,369387352,355611245,37.02
1482847.079,369387352,355611245,36.48
1482947.079,369387543,355610929,37.13
1483047.079,369387543,355610929,37.04
1483147.079,369387766,355610617,35.64
1483247.079,369387766,355610617,37.54
1483347.079,369388011,355610311,37.92
1483447.079,369388011,355610311,36.21
1483547.079,369388277,355610019,34.83
1483647.079,369388277,355610019,34.43
1483747.079,369388558,355609750,34.67
1483847.079,369388558,355609750,34.34
1483947.079,369388842,355609483,34.58
1484047.079,369388842,355609483,35.38
1484147.079,369389138,355609221,34.92
1484247.079,369389138,355609221,32.75
1484347.079,369389471,355608973,32
1484447.079,369389471,355608973,32.45
1484547.079,369389826,355608744,31.31
1484647.079,369389826,355608744,29.45
1484747.079,369390191,355608536,28.83
1484847.079,369390191,355608536,28.4
1484947.079,369390559,355608337,28.82
1485047.079,369390559,355608337,28.82
1485147.079,369390935,355608139,27.74
1485247.079,369390935,355608139,27.55
1485347.079,369391330,355607965,27.69
1485447.079,369391330,355607965,26.49
1485547.079,369391739,355607810,25.34
1485647.079,369391739,355607810,22.91
1485747.079,369392169,355607685,21.09
1485847.079,369392169,355607685,21.87
1485947.079,369392603,355607565,32.01
1486047.079,369392603,355607565,47.5
1486147.079,369393039,355607466,47.99
1486247.079,369393039,355607466,44.81
1486347.079,369393503,355607428,43.91
1486447.079,369393503,355607428,43.8
1486547.079,369393981,355607462,44.62
1486647.079,369393981,355607462,44.62
1486747.079,369394459,355607514,44.45
1486847.079,369394459,355607514,44.96
1486947.079,369394944,355607590,45.13
1487047.079,369394944,355607590,45.07
1487147.079,369395431,355607708,44.94
1487247.079,369395431,355607708,45.02
1487347.079,369395918,355607882,44.46
1487447.079,369395918,355607882,45.26
1487547.079,369396404,355608111,46.46
1487647.079,369396404,355608111,45.2
1487747.079,369396891,355608354,44.67
1487847.079,369396891,355608354,43.45
1487947.079,369397381,355608633,45.75
1488047.079,369397381,355608633,47.89
1488147.079,369397850,355608961,48.08
1488247.079,369397850,355608961,45.71
1488347.079,369398301,355609342,44.04
1488447.079,369398301,355609342,43.9
1488547.079,369398733,355609765,44.51
1488647.079,369398733,355609765,45.13
1488747.079,369399150,355610244,45.11
1488847.079,369399150,355610244,44.5
1488947.079,369399559,355610722,43.98
1489047.079,369399559,355610722,44.21
1489147.079,369399930,355611237,44.96
1489247.079,369399930,355611237,45.44
1489347.079,369400265,355611779,44.67
1489447.079,369400265,355611779,44.09
1489547.079,369400572,355612342,43.64
1489647.079,369400572,355612342,45.28
1489747.079,369400888,355612890,45.48
1489847.079,369400888,355612890,44.38
1489947.079,369401142,355613478,44.48
1490047.079,369401142,355613478,44.59
1490147.079,369401346,355614090,44.67
1490247.079,369401346,355614090,44.85
1490347.079,369401513,355614709,44.75
1490447.079,369401513,355614709,44.84
1490547.079,369401646,355615334,45.04
1490647.079,369401646,355615334,45.64
1490747.079,369401759,355615973,45.21
1490847.079,369401759,355615973,44.7
1490947.079,369401853,355616584,45.16
1491047.079,369401853,355616584,44.83
1491147.079,369401901,355617201,44.68
1491247.079,369401901,355617201,44.77
1491347.079,369401914,355617812,45.05
1491447.079,369401914,355617812,45.44
1491547.079,369401886,355618412,45.04
1491647.079,369401886,355618412,43.66
1491747.079,369401832,355619000,44.66
1491847.079,369401832,355619000,45.22
1491947.079,369401750,355619571,45.43
1492047.079,369401750,355619571,45.77
1492147.079,369401642,355620125,44.23
1492247.079,369401642,355620125,43.77
1492347.079,369401506,355620655,44.83
1492447.079,369401506,355620655,45.56
1492547.079,369401345,355621160,45.35
1492647.079,369401345,355621160,44.71
1492747.079,369401162,355621623,43.83
1492847.079,369401162,355621623,42.13
1492947.079,369400957,355622061,40.75
1493047.079,369400957,355622061,38.35
1493147.079,369400738,355622476,37.01
1493247.079,369400738,355622476,35.4
1493347.079,369400502,355622869,34.51
1493447.079,369400502,355622869,32.89
1493547.079,369400260,355623246,32.12
1493647.079,369400260,355623246,31.02
1493747.079,369400008,355623597,30.19
1493847.079,369400008,355623597,28.65
1493947.079,369399750,355623917,27.62
1494047.079,369399750,355623917,26.32
1494147.079,369399476,355624227,35.14
1494247.079,369399476,355624227,47.04
1494347.079,369399207,355624519,47.51
1494447.079,369399207,355624519,47.13
1494547.079,369398923,355624743,46.07
1494647.079,369398923,355624743,43.5
1494747.079,369398648,355624906,42.33
1494847.079,369398648,355624906,39.76
1494947.079,369398351,355625014,37.42
1495047.079,369398351,355625014,37.51
1495147.079,369398062,355625137,37.46
1495247.079,369398062,355625137,37.02
1495347.079,369397764,355625238,37.65
1495447.079,369397764,355625238,37.27
1495547.079,369397477,355625282,36.67
1495647.079,369397477,355625282,33.51
1495747.079,369397212,355625281,31.23
1495847.079,369397212,355625281,28.86
1495947.079,369396947,355625270,28.47
1496047.079,369396947,355625270,28.87
1496147.079,369396683,355625248,28.56
1496247.079,369396683,355625248,27.67
1496347.079,369396419,355625208,28.08
1496447.079,369396419,355625208,27.95
1496547.079,369396178,355625131,27.02
1496647.079,369396178,355625131,25.46
1496747.079,369395944,355625039,24.36
1496847.079,369395944,355625039,23.43
1496947.079,369395716,355624932,21.82
1497047.079,369395716,355624932,20.61
1497147.079,369395492,355624817,21.33
1497247.079,369395492,355624817,21.55
1497347.079,369395273,355624688,21.09
1497447.079,369395273,355624688,20.78
1497547.079,369395066,355624542,19.98
1497647.079,369395066,355624542,20.06
1497747.079,369394867,355624394,19.06
1497847.079,369394867,355624394,17.01
1497947.079,369394677,355624233,18.12
1498047.079,369394677,355624233,16
1498147.079,369394489,355624068,14.82
1498247.079,369394489,355624068,14.71
1498347.079,369394308,355623896,14.41
1498447.079,369394308,355623896,12.59
1498547.079,369394133,355623713,12.09
1498647.079,369394133,355623713,11.53
1498747.079,369393963,355623528,10.76
1498847.079,369393963,355623528,10.62
1498947.079,369393799,355623340,10.21
1499047.079,369393799,355623340,8.8
1499147.079,369393639,355623147,8.76
1499247.079,369393639,355623147,9.51
1499347.079,369393485,355622955,8.87
1499447.079,369393485,355622955,7.28
1499547.079,369393340,355622757,7.01
1499647.079,369393340,355622757,5.85
1499747.079,369393199,355622557,5.45
1499847.079,369393199,355622557,4.95
1499947.079,369393059,355622357,4.42
1500047.079,369393059,355622357,3.43
1500147.079,369392921,355622160,2.23
1500247.079,369392921,355622160,3.48
1500347.079,369392783,355621960,3.82
1500447.079,369392783,355621960,3.28
1500547.079,369392649,355621758,3.19
1500647.079,369392649,355621758,2.67
1500747.079,369392508,355621563,2.36
1500847.079,369392508,355621563,1.23
1500947.079,369392372,355621362,0.75
1501047.079,369392372,355621362,0.48
1501147.079,369392241,355621161,0.56
1501247.079,369392241,355621161,0.26
1501347.079,369392104,355620959,-0.25
1501447.079,369392104,355620959,-0.89
1501547.079,369391969,355620759,-1.13
1501647.079,369391969,355620759,-0.32999999999999996
1501747.079,369391833,355620558,-0.94
1501847.079,369391833,355620558,-1.9900000000000002
1501947.079,369391694,355620356,-0.12
1502047.079,369391694,355620356,-1.28
1502147.079,369391554,355620157,-1.48
1502247.079,369391554,355620157,-1.99
1502347.079,369391415,355619960,-2.29
1502447.079,369391415,355619960,-2.71
1502547.079,369391274,355619763,-2.44
1502647.079,369391274,355619763,-2.55
1502747.079,369391127,355619567,-2.28
1502847.079,369391127,355619567,-2
1502947.079,369390982,355619372,-1.94
1503047.079,369390982,355619372,-1.93
1503147.079,369390833,355619179,-2
1503247.079,369390833,355619179,-3.06
1503347.079,369390684,355618989,-3.88
1503447.079,369390684,355618989,-3.89
1503547.079,369390534,355618801,-3.24
1503647.079,369390534,355618801,-3.34
1503747.079,369390382,355618613,-3.39
1503847.079,369390382,355618613,-3.62
1503947.079,369390231,355618430,-3.86
1504047.079,369390231,355618430,-3.13
1504147.079,369390074,355618251,-2.54
1504247.079,369390074,355618251,-2.31
1504347.079,369389920,355618069,-2.58
1504447.079,369389920,355618069,-2.72
1504547.079,369389756,355617898,-2.58
1504647.079,369389756,355617898,-2.48
1504747.079,369389596,355617726,-2.28
1504847.079,369389596,355617726,-1.66
1504947.079,369389433,355617554,-1.19
1505047.079,369389433,355617554,-2.96
1505147.079,369389272,355617385,-3.02
1505247.079,369389272,355617385,-2.42
1505347.079,369389108,355617221,-2.18
1505447.079,369389108,355617221,-2.19
1505547.079,369388944,355617061,-2.57
1505647.079,369388944,355617061,-2.21
1505747.079,369388783,355616898,-1.98
1505847.079,369388783,355616898,-2.23
1505947.079,369388619,355616742,-2.27
1506047.079,369388619,355616742,-2.29
1506147.079,369388452,355616588,-2.17
1506247.079,369388452,355616588,-2.51
1506347.079,369388283,355616437,-2.2
1506447.079,369388283,355616437,-0.5799999999999998
1506547.079,369388111,355616291,-0.42
1506647.079,369388111,355616291,-1.16
1506747.079,369387944,355616137,-1.51
1506847.079,369387944,355616137,-0.72
1506947.079,369387767,355615997,0.010000000000000009
1507047.079,369387767,355615997,14.27
1507147.079,369387607,355615845,26.94
1507247.079,369387607,355615845,36.64
1507347.079,369387458,355615674,35.38
1507447.079,369387458,355615674,32.42
1507547.079,369387333,355615472,31.3
1507647.079,369387333,355615472,30.89
1507747.079,369387219,355615260,31.6
1507847.079,369387219,355615260,33.11
1507947.079,369387113,355615039,32.96
1508047.079,369387113,355615039,31.68
1508147.079,369387015,355614810,32.12
1508247.079,369387015,355614810,32.75
1508347.079,369386937,355614553,33.01
1508447.079,369386937,355614553,33.16
1508547.079,369386883,355614280,33.05
1508647.079,369386883,355614280,33.87
1508747.079,369386854,355613994,34.41
1508847.079,369386854,355613994,33.81
1508947.079,369386840,355613694,33.38
1509047.079,369386840,355613694,33.48
1509147.079,369386847,355613380,35.11
1509247.079,369386847,355613380,35.49
1509347.079,369386871,355613058,35.61
1509447.079,369386871,355613058,36.57
1509547.079,369386922,355612723,37.12
1509647.079,369386922,355612723,36.54
1509747.079,369387000,355612387,36.96
1509847.079,369387000,355612387,37.91
1509947.079,369387102,355612043,38.4
1510047.079,369387102,355612043,39.4
1510147.079,369387231,355611701,38.51
1510247.079,369387231,355611701,37.93
1510347.079,369387391,355611362,37.99
1510447.079,369387391,355611362,38.85
1510547.079,369387571,355611021,39.57
1510647.079,369387571,355611021,39.06
1510747.079,369387778,355610699,38.4
1510847.079,369387778,355610699,38.06
1510947.079,369388004,355610373,37.53
1511047.079,369388004,355610373,37.08
1511147.079,369388257,355610059,36.91
1511247.079,369388257,355610059,37.44
1511347.079,369388533,355609758,37.98
1511447.079,369388533,355609758,37.89
1511547.079,369388832,355609464,37.72
1511647.079,369388832,355609464,37.48
1511747.079,369389142,355609198,36.77
1511847.079,369389142,355609198,35.51
1511947.079,369389474,355608932,35.37
1512047.079,369389474,355608932,35.13
1512147.079,369389829,355608676,34.7
1512247.079,369389829,355608676,34.23
1512347.079,369390205,355608432,33.72
1512447.079,369390205,355608432,32.05
1512547.079,369390598,355608202,31.43
1512647.079,369390598,355608202,30.28
1512747.079,369391004,355607991,29.41
1512847.079,369391004,355607991,29.25
1512947.079,369391425,355607798,28.99
1513047.079,369391425,355607798,28.25
1513147.079,369391862,355607625,27.22
1513247.079,369391862,355607625,25.77
1513347.079,369392303,355607465,25.04
1513447.079,369392303,355607465,24.43
1513547.079,369392754,355607318,23.8
1513647.079,369392754,355607318,21.47
1513747.079,369393217,355607184,20.53
1513847.079,369393217,355607184,18.98
1513947.079,369393684,355607065,17.88
1514047.079,369393684,355607065,20.01
1514147.079,369394159,355606963,30.26
1514247.079,369394159,355606963,46.27
1514347.079,369394642,355606894,48.41
1514447.079,369394642,355606894,46.42
1514547.079,369395137,355606893,45.05
1514647.079,369395137,355606893,44.52
1514747.079,369395639,355606945,44.5
1514847.079,369395639,355606945,44.13
1514947.079,369396152,355607021,45.08
1515047.079,369396152,355607021,45.95
1515147.079,369396665,355607113,45.77
1515247.079,369396665,355607113,45.19
1515347.079,369397175,355607249,44.5
1515447.079,369397175,355607249,44.19
1515547.079,369397678,355607450,44.33
1515647.079,369397678,355607450,45.2
1515747.079,369398178,355607666,45.47
1515847.079,369398178,355607666,45.03
1515947.079,369398671,355607932,44.67
1516047.079,369398671,355607932,45.36
1516147.079,369399155,355608230,45.42
1516247.079,369399155,355608230,45.27
1516347.079,369399630,355608568,45.17
1516447.079,369399630,355608568,44.81
1516547.079,369400084,355608945,44.31
1516647.079,369400084,355608945,44.37
1516747.079,369400531,355609338,44.51
1516847.079,369400531,355609338,44.08
1516947.079,369400956,355609767,43.25
1517047.079,369400956,355609767,41.78
1517147.079,369401361,355610219,40.38
1517247.079,369401361,355610219,39.03
1517347.079,369401750,355610686,39.33
1517447.079,369401750,355610686,38.44
1517547.079,369402123,355611171,37.43
1517647.079,369402123,355611171,36.2
1517747.079,369402479,355611670,36.29
1517847.079,369402479,355611670,35.13
1517947.079,369402797,355612201,33.91
1518047.079,369402797,355612201,31.83
1518147.079,369403104,355612739,30.75
1518247.079,369403104,355612739,29.19
1518347.079,369403401,355613276,28.51
1518447.079,369403401,355613276,27.39
1518547.079,369403684,355613820,26.78
1518647.079,369403684,355613820,26.36
1518747.079,369403954,355614364,25.37
1518847.079,369403954,355614364,23.05
1518947.079,369404202,355614916,22.29
1519047.079,369404202,355614916,19.7
1519147.079,369404440,355615474,9.74
1519247.079,369404440,355615474,-7.26
1519347.079,369404677,355616029,-16.42
1519447.079,369404677,355616029,-21.52
1519547.079,369404917,355616577,-21.28
1519647.079,369404917,355616577,-21.48
1519747.079,369405183,355617091,-21.18
1519847.079,369405183,355617091,-23.01
1519947.079,369405448,355617602,-24.49
1520047.079,369405448,355617602,-26.15
1520147.079,369405714,355618109,-26.63
1520247.079,369405714,355618109,-27.32
1520347.079,369406004,355618596,-27.48
1520447.079,369406004,355618596,-28.13
1520547.079,369406308,355619068,-28.82
1520647.079,369406308,355619068,-29.05
1520747.079,369406621,355619529,-28.62
1520847.079,369406621,355619529,-27.59
1520947.079,369406946,355619972,-26.71
1521047.079,369406946,355619972,-25.46
1521147.079,369407279,355620406,-24.58
1521247.079,369407279,355620406,-23.57
1521347.079,369407622,355620824,-22.79
1521447.079,369407622,355620824,-21.5
1521547.079,369407977,355621225,-19.82
1521647.079,369407977,355621225,-16.53
1521747.079,369408337,355621614,-14.06
1521847.079,369408337,355621614,-10.34
1521947.079,369408705,355621989,-7.93
1522047.079,369408705,355621989,-4.66
1522147.079,369409072,355622363,-1.86
1522247.079,369409072,355622363,2.44
1522347.079,369409439,355622736,5.1
1522447.079,369409439,355622736,9.62
1522547.079,369409803,355623113,12.82
1522647.079,369409803,355623113,16.3
1522747.079,369410165,355623492,18.61
1522847.079,369410165,355623492,21.79
1522947.079,369410517,355623883,24.25
1523047.079,369410517,355623883,27.83
1523147.079,369410851,355624293,29.53
1523247.079,369410851,355624293,30.97
1523347.079,369411171,355624727,31.64
1523447.079,369411171,355624727,32.44
1523547.079,369411468,355625182,33.16
1523647.079,369411468,355625182,34.56
1523747.079,369411770,355625630,36.02
1523847.079,369411770,355625630,41.2
1523947.079,369412034,355626104,44.48
1524047.079,369412251,355626610,44.17
1524147.079,369412251,355626610,42.76
1524247.079,369412251,355626610,42.7
1524347.079,369412422,355627138,43.54
1524447.079,369412422,355627138,43.37
1524547.079,369412564,355627669,43.65
1524647.079,369412564,355627669,44.79
1524747.079,369412687,355628203,44.6
1524847.079,369412687,355628203,44.14
1524947.079,369412775,355628742,43.2
1525047.079,369412775,355628742,43.72
1525147.079,369412830,355629283,44.23
1525247.079,369412830,355629283,42.82
1525347.079,369412860,355629814,41.13
1525447.079,369412849,355630343,41.55
1525547.079,369412849,355630343,42.87
1525647.079,369412849,355630343,45.17
1525747.079,369412786,355630842,44.85
1525847.079,369412786,355630842,43.5
1525947.079,369412696,355631333,43.04
1526047.079,369412696,355631333,44.1
1526147.079,369412584,355631803,42.99
1526247.079,369412584,355631803,44.67
1526347.079,369412443,355632258,45.36
1526447.079,369412443,355632258,44.58
1526547.079,369412282,355632676,44.36
1526647.079,369412282,355632676,44.71
1526747.079,369412103,355633048,45.02
1526847.079,369411902,355633393,45.28
1526947.079,369411902,355633393,45.29
1527047.079,369411902,355633393,45.91
1527147.079,369411675,355633694,46.14
1527247.079,369411675,355633694,45.31
1527347.079,369411426,355633956,43.7
1527447.079,369411426,355633956,43.44
1527547.079,369411173,355634167,45.74
1527647.079,369411173,355634167,44.51
1527747.079,369410909,355634344,39.87
1527847.079,369410909,355634344,26.26
1527947.079,369410635,355634481,23.07
1528047.079,369410635,355634481,22.62
1528147.079,369410357,355634613,22.48
1528247.079,369410081,355634728,21.63
1528347.079,369410081,355634728,20.69
1528447.079,369410081,355634728,19.96
1528547.079,369409809,355634814,19.1
1528647.079,369409809,355634814,19.75
1528747.079,369409538,355634875,21.37
1528847.079,369409538,355634875,22.16
1528947.079,369409266,355634936,22.63
1529047.079,369409266,355634936,22.06
1529147.079,369408999,355634975,21.68
1529247.079,369408999,355634975,8.49
1529347.079,369408738,355635003,0.08000000000000007
1529447.079,369408738,355635003,-1.48
1529547.079,369408493,355635032,0.54
1529647.079,369408493,355635032,1.99
1529747.079,369408245,355635067,2.08
1529847.079,369408245,355635067,0.7900000000000001
1529947.079,369408007,355635094,-0.44000000000000006
1530047.079,369408007,355635094,-0.27
1530147.079,369407778,355635118,-0.63
1530247.079,369407778,355635118,-0.03
1530347.079,369407554,355635150,-0.01
1530447.079,369407554,355635150,0.45
1530547.079,369407330,355635183,0.57
1530647.079,369407330,355635183,0.04999999999999999
1530747.079,369407116,355635216,-0.08
1530847.079,369406902,355635251,0.16
1530947.079,369406902,355635251,0.19
1531047.079,369406694,355635287,-0.1
1531147.079,369406694,355635287,-0.43
1531247.079,369406694,355635287,-0.12000000000000002
1531347.079,369406495,355635320,-0.12
1531447.079,369406495,355635320,-0.41
1531547.079,369406299,355635360,0.11000000000000001
1531647.079,369406299,355635360,-0.06
1531747.079,369406104,355635401,-0.29
1531847.079,369406104,355635401,-0.37
1531947.079,369405908,355635443,-0.27
1532047.079,369405908,355635443,-2.9
1532147.079,369405720,355635490,1.2199999999999998
1532247.079,369405720,355635490,21.21
1532347.079,369405534,355635525,33.73
1532447.079,369405534,355635525,47.7
1532547.079,369405359,355635532,48.48
1532647.079,369405359,355635532,42.02
1532747.079,369405184,355635521,32.09
1532847.079,369405184,355635521,12.41
1532947.079,369405015,355635490,5.17
1533047.079,369405015,355635490,7.54
1533147.079,369404854,355635457,11.98
1533247.079,369404854,355635457,14.93
1533347.079,369404683,355635427,16.71
1533447.079,369404683,355635427,20.37
1533547.079,369404516,355635371,20.73
1533647.079,369404516,355635371,17.48
1533747.079,369404336,355635316,13.9
1533847.079,369404336,355635316,10.34
1533947.079,369404177,355635231,9.51
1534047.079,369404021,355635134,8.1
1534147.079,369404021,355635134,7.95
1534247.079,369404021,355635134,8.76
1534347.079,369403857,355635035,10.59
1534447.079,369403857,355635035,14.83
1534547.079,369403693,355634926,15.12
1534647.079,369403693,355634926,13.78
1534747.079,369403545,355634792,13.32
1534847.079,369403545,355634792,11.28
1534947.079,369403393,355634656,10.05
1535047.079,369403393,355634656,9.52
1535147.079,369403244,355634514,8.28
1535247.079,369403244,355634514,8.76
1535347.079,369403091,355634369,8.87
1535447.079,369403091,355634369,8.25
1535547.079,369402937,355634218,8.31
1535647.079,369402937,355634218,7.87
1535747.079,369402787,355634055,7.41
1535847.079,369402787,355634055,7.63
1535947.079,369402641,355633885,7.87
1536047.079,369402641,355633885,7.16
1536147.079,369402496,355633712,6.18
1536247.079,369402496,355633712,5.03
1536347.079,369402350,355633539,4.92
1536447.079,369402350,355633539,4.68
1536547.079,369402202,355633362,4.93
1536647.079,369402202,355633362,5.69
1536747.079,369402058,355633174,5.13
1536847.079,369401912,355632985,5.23
1536947.079,369401912,355632985,5.32
1537047.079,369401912,355632985,5.7
1537147.079,369401769,355632792,5.2
1537247.079,369401625,355632600,4.67
1537347.079,369401625,355632600,5
1537447.079,369401625,355632600,4.92
1537547.079,369401483,355632404,4.73
1537647.079,369401483,355632404,4.53
1537747.079,369401344,355632199,4.68
1537847.079,369401207,355631994,6.84
1537947.079,369401207,355631994,8.67
1538047.079,369401207,355631994,9.76
1538147.079,369401073,355631784,9.77
1538247.079,369401073,355631784,9.3
1538347.079,369400940,355631570,8.46
1538447.079,369400940,355631570,7.63
1538547.079,369400809,355631351,7.58
1538647.079,369400809,355631351,10.38
1538747.079,369400685,355631127,10.36
1538847.079,369400685,355631127,5.15
1538947.079,369400562,355630898,3.29
1539047.079,369400439,355630672,6.66
1539147.079,369400439,355630672,7.43
1539247.079,369400439,355630672,2.09
1539347.079,369400318,355630445,-0.19000000000000006
1539447.079,369400318,355630445,-0.62
1539547.079,369400195,355630213,0.18
1539647.079,369400195,355630213,6.51
1539747.079,369400072,355629984,8.78
1539847.079,369399957,355629745,8.05
1539947.079,369399957,355629745,7.41
1540047.079,369399842,355629506,6.12
1540147.079,369399842,355629506,6.29
1540247.079,369399842,355629506,5.24
1540347.079,369399726,355629264,5.37
1540447.079,369399726,355629264,8.36
1540547.079,369399614,355629020,9.46
1540647.079,369399614,355629020,6.43
1540747.079,369399505,355628773,-2.8199999999999994
1540847.079,369399505,355628773,-16.81
1540947.079,369399393,355628533,-20.62
1541047.079,369399393,355628533,-21.32
1541147.079,369399265,355628311,-18.77
1541247.079,369399265,355628311,-16.79
1541347.079,369399131,355628094,-17.16
1541447.079,369399131,355628094,-18.43
1541547.079,369398992,355627888,-18.8
1541647.079,369398992,355627888,-18.88
1541747.079,369398844,355627694,-19.47
1541847.079,369398844,355627694,-19.45
1541947.079,369398690,355627510,-18.3
1542047.079,369398527,355627343,-15.32
1542147.079,369398527,355627343,-13.37
1542247.079,369398527,355627343,-11.09
1542347.079,369398355,355627180,-10.43
1542447.079,369398355,355627180,-11.46
1542547.079,369398184,355627025,-11.93
1542647.079,369398184,355627025,-11.31
1542747.079,369398009,355626878,-10.3
1542847.079,369397830,355626739,-9.29
1542947.079,369397830,355626739,-8.79
1543047.079,369397651,355626606,-8.38
1543147.079,369397651,355626606,-8.05
1543247.079,369397651,355626606,-7.1
1543347.079,369397468,355626481,-5.65
1543447.079,369397468,355626481,-6.02
1543547.079,369397281,355626363,-6
1543647.079,369397281,355626363,-4.18
1543747.079,369397097,355626252,-4.29
1543847.079,369397097,355626252,-4.64
1543947.079,369396911,355626144,-5
1544047.079,369396911,355626144,-4.96
1544147.079,369396725,355626041,-3.2
1544247.079,369396725,355626041,-3.88
1544347.079,369396537,355625940,-3.86
1544447.079,369396348,355625842,-2.56
1544547.079,369396348,355625842,-3.31
1544647.079,369396348,355625842,-2.81
1544747.079,369396158,355625748,-2.73
1544847.079,369396158,355625748,-3.22
1544947.079,369395964,355625658,-2.56
1545047.079,369395964,355625658,-2.15
1545147.079,369395770,355625568,-2.42
1545247.079,369395573,355625481,-1.8
1545347.079,369395573,355625481,-1.21
1545447.079,369395573,355625481,-1.5
1545547.079,369395375,355625395,-1.46
1545647.079,369395375,355625395,-0.64
1545747.079,369395177,355625312,-0.86
1545847.079,369395177,355625312,-2.08
1545947.079,369394974,355625231,-2
1546047.079,369394974,355625231,-1.01
1546147.079,369394773,355625149,-0.84
1546247.079,369394570,355625071,-0.47
1546347.079,369394570,355625071,-0.02999999999999997
1546447.079,369394570,355625071,0.74
1546547.079,369394365,355624989,1.19
1546647.079,369394365,355624989,-1.08
1546747.079,369394160,355624912,-0.81
1546847.079,369393954,355624837,-0.18
1546947.079,369393954,355624837,-0.48
1547047.079,369393749,355624761,0.37
1547147.079,369393749,355624761,0.88
1547247.079,369393542,355624686,1.32
1547347.079,369393542,355624686,1.23
1547447.079,369393542,355624686,1.46
1547547.079,369393335,355624609,3.11
1547647.079,369393335,355624609,1.9
1547747.079,369393129,355624528,0.29999999999999993
1547847.079,369393129,355624528,0.44
1547947.079,369392919,355624453,0.09
1548047.079,369392714,355624372,0.07
1548147.079,369392714,355624372,0
1548247.079,369392503,355624302,-0.76
1548347.079,369392503,355624302,-0.20000000000000007
1548447.079,369392503,355624302,1.22
1548547.079,369392290,355624229,1.58
1548647.079,369392290,355624229,1.22
1548747.079,369392076,355624162,0.4000000000000001
1548847.079,369391861,355624092,-0.56
1548947.079,369391861,355624092,0.25999999999999995
1549047.079,369391646,355624020,0.37
1549147.079,369391646,355624020,0.63
1549247.079,369391432,355623945,2.06
1549347.079,369391432,355623945,1.88
1549447.079,369391432,355623945,0.37
1549547.079,369391213,355623873,-0.36
1549647.079,369391213,355623873,0.7300000000000001
1549747.079,369390996,355623805,3.19
1549847.079,369390775,355623731,2.03
1549947.079,369390775,355623731,1.64
1550047.079,369390775,355623731,1.45
1550147.079,369390554,355623656,1.06
1550247.079,369390554,355623656,1.6
1550347.079,369390333,355623579,1.6
1550447.079,369390333,355623579,1.9
1550547.079,369390112,355623501,2.98
1550647.079,369390112,355623501,17.48
1550747.079,369389896,355623416,29.82
1550847.079,369389896,355623416,35.52
1550947.079,369389696,355623300,33.36
1551047.079,369389518,355623144,29.72
1551147.079,369389518,355623144,26.85
1551247.079,369389346,355622976,23.77
1551347.079,369389346,355622976,22.64
1551447.079,369389346,355622976,21.9
1551547.079,369389170,355622807,21.42
1551647.079,369389170,355622807,21.98
1551747.079,369388997,355622635,22.81
1551847.079,369388832,355622450,22.2
1551947.079,369388832,355622450,22
1552047.079,369388679,355622242,20.83
1552147.079,369388679,355622242,19.72
1552247.079,369388534,355622021,18.32
1552347.079,369388534,355622021,16.91
1552447.079,369388534,355622021,14.59
1552547.079,369388394,355621793,14.43
1552647.079,369388260,355621557,14.57
1552747.079,369388260,355621557,14.53
1552847.079,369388260,355621557,14.26
1552947.079,369388127,355621312,14.21
1553047.079,369388127,355621312,13.39
1553147.079,369387998,355621061,12.62
1553247.079,369387998,355621061,12.29
1553347.079,369387876,355620805,11.59
1553447.079,369387876,355620805,10.39
1553547.079,369387758,355620543,8.77
1553647.079,369387758,355620543,6.97
1553747.079,369387645,355620268,6.14
1553847.079,369387532,355619996,5.27
1553947.079,369387532,355619996,4.9
1554047.079,369387419,355619723,3.91
1554147.079,369387419,355619723,2.83
1554247.079,369387306,355619449,1.17
1554347.079,369387306,355619449,0.39
1554447.079,369387306,355619449,-0.27
1554547.079,369387192,355619175,-0.89
1554647.079,369387192,355619175,-1.36
1554747.079,369387081,355618896,-1.6
1554847.079,369386964,355618625,-2.35
1554947.079,369386964,355618625,-2.93
1555047.079,369386849,355618352,-3.46
1555147.079,369386849,355618352,-3.92
1555247.079,369386729,355618086,-2.96
1555347.079,369386729,355618086,5.92
1555447.079,369386729,355618086,24.6
1555547.079,369386623,355617811,33.37
1555647.079,369386623,355617811,36.87
1555747.079,369386530,355617526,34.88
1555847.079,369386469,355617221,30.91
1555947.079,369386469,355617221,29.19
1556047.079,369386413,355616911,28.7
1556147.079,369386413,355616911,30
1556247.079,369386413,355616911,31.39
1556347.079,369386368,355616587,31.14
1556447.079,369386368,355616587,31.29
1556547.079,369386336,355616266,31.75
1556647.079,369386336,355616266,33.11
1556747.079,369386332,355615932,33.53
1556847.079,369386361,355615573,33.43
1556947.079,369386361,355615573,33.25
1557047.079,369386416,355615222,32.64
1557147.079,369386416,355615222,32.28
1557247.079,369386482,355614865,32.52
1557347.079,369386482,355614865,33.06
1557447.079,369386482,355614865,34.07
1557547.079,369386561,355614506,34.15
1557647.079,369386561,355614506,33.59
1557747.079,369386667,355614158,33.14
1557847.079,369386799,355613797,33.64
1557947.079,369386799,355613797,33.95
1558047.079,369386953,355613453,33.11
1558147.079,369386953,355613453,33.32
1558247.079,369387116,355613085,33.71
1558347.079,369387116,355613085,33.42
1558447.079,369387309,355612727,33.37
1558547.079,369387309,355612727,33.19
1558647.079,369387309,355612727,32.85
1558747.079,369387531,355612395,33.4
1558847.079,369387771,355612056,33.16
1558947.079,369387771,355612056,33.12
1559047.079,369388020,355611728,32.57
1559147.079,369388020,355611728,32.15
1559247.079,369388288,355611406,31.87
1559347.079,369388288,355611406,32.1
1559447.079,369388577,355611094,32.37
1559547.079,369388577,355611094,31.98
1559647.079,369388577,355611094,31.15
1559747.079,369388894,355610799,30.74
1559847.079,369389224,355610518,30.24
1559947.079,369389224,355610518,29.98
1560047.079,369389567,355610243,29.42
1560147.079,369389567,355610243,28.76
1560247.079,369389923,355609982,27.85
1560347.079,369389923,355609982,27.11
1560447.079,369389923,355609982,27.13
1560547.079,369390290,355609730,27.31
1560647.079,369390290,355609730,27.04
1560747.079,369390671,355609505,26.75
1560847.079,369391068,355609292,25.74
1560947.079,369391068,355609292,24.22
1561047.079,369391473,355609088,22.3
1561147.079,369391473,355609088,21.54
1561247.079,369391882,355608898,20.73
1561347.079,369391882,355608898,19.97
1561447.079,369391882,355608898,19.19
1561547.079,369392300,355608718,18.17
1561647.079,369392300,355608718,17.02
1561747.079,369392730,355608550,16.53
1561847.079,369393158,355608396,16.25
1561947.079,369393158,355608396,16.31
1562047.079,369393593,355608249,17.89
1562147.079,369393593,355608249,28.1
1562247.079,369394034,355608132,45.4
1562347.079,369394034,355608132,48.05
1562447.079,369394034,355608132,46.2
1562547.079,369394493,355608085,45.48
1562647.079,369394942,355608056,44.28
1562747.079,369394942,355608056,43.88
1562847.079,369395424,355608087,44.13
1562947.079,369395424,355608087,44.5
1563047.079,369395904,355608134,45.58
1563147.079,369395904,355608134,45.79
1563247.079,369396387,355608223,45.07
1563347.079,369396387,355608223,44.53
1563447.079,369396869,355608365,44.83
1563547.079,369396869,355608365,44.8
1563647.079,369397337,355608533,45.1
1563747.079,369397337,355608533,45.3
1563847.079,369397801,355608771,46.08
1563947.079,369397801,355608771,45.57
1564047.079,369398261,355609041,44.31
1564147.079,369398261,355609041,44.16
1564247.079,369398714,355609346,43.66
1564347.079,369398714,355609346,43.15
1564447.079,369399156,355609673,42.14
1564547.079,369399156,355609673,41.72
1564647.079,369399586,355610014,41.06
1564747.079,369399586,355610014,40.5
1564847.079,369400005,355610389,40.22
1564947.079,369400005,355610389,39.98
1565047.079,369400407,355610793,38.94
1565147.079,369400407,355610793,38.03
1565247.079,369400790,355611220,36.48
1565347.079,369400790,355611220,35.6
1565447.079,369400790,355611220,34.91
1565547.079,369401158,355611663,34.03
1565647.079,369401517,355612111,32.31
1565747.079,369401517,355612111,31.35
1565847.079,369401858,355612574,30.96
1565947.079,369401858,355612574,30.69
1566047.079,369402182,355613048,30.02
1566147.079,369402182,355613048,29.02
1566247.079,369402488,355613535,27.71
1566347.079,369402488,355613535,26.68
1566447.079,369402781,355614029,24.85
1566547.079,369402781,355614029,23.59
1566647.079,369403064,355614524,22.56
1566747.079,369403064,355614524,22.43
1566847.079,369403336,355615024,22.36
1566947.079,369403336,355615024,21.89
1567047.079,369403598,355615530,18.98
1567147.079,369403598,355615530,9.05
1567247.079,369403851,355616035,-6.800000000000001
1567347.079,369403851,355616035,-12.79
1567447.079,369403851,355616035,-15.37
1567547.079,369404107,355616534,-15.55
1567647.079,369404374,355617015,-15.41
1567747.079,369404374,355617015,-16.36
1567847.079,369404641,355617495,-18.1
1567947.079,369404641,355617495,-19.31
1568047.079,369404914,355617961,-20.9
1568147.079,369404914,355617961,-21.57
1568247.079,369404914,355617961,-22.04
1568347.079,369405200,355618420,-23.08
1568447.079,369405497,355618870,-25.11
1568547.079,369405497,355618870,-25.84
1568647.079,369405497,355618870,-25.78
1568747.079,369405809,355619299,-25.63
1568847.079,369406132,355619715,-24.83
1568947.079,369406132,355619715,-25.04
1569047.079,369406459,355620120,-25.43
1569147.079,369406459,355620120,-24.96
1569247.079,369406797,355620511,-24.28
1569347.079,369406797,355620511,-24.29
1569447.079,369406797,355620511,-22.59
1569547.079,369407148,355620887,-21.16
1569647.079,369407148,355620887,-19.36
1569747.079,369407503,355621248,-17.71
1569847.079,369407860,355621600,-15.68
1569947.079,369407860,355621600,-13.8
1570047.079,369408221,355621947,-11.28
1570147.079,369408221,355621947,-9.66
1570247.079,369408590,355622284,-6.4
1570347.079,369408590,355622284,-3.1
1570447.079,369408959,355622620,0.31999999999999995
1570547.079,369408959,355622620,2.66
1570647.079,369408959,355622620,5.53
1570747.079,369409327,355622955,8.15
1570847.079,369409693,355623296,12.59
1570947.079,369409693,355623296,15.14
1571047.079,369410048,355623648,19.05
1571147.079,369410048,355623648,20.72
1571247.079,369410048,355623648,23.66
1571347.079,369410399,355624008,25.99
1571447.079,369410399,355624008,27.65
1571547.079,369410736,355624387,28.33
1571647.079,369411061,355624781,30.02
1571747.079,369411061,355624781,31.44
1571847.079,369411365,355625193,32.91
1571947.079,369411365,355625193,32.96
1572047.079,369411647,355625627,34.91
1572147.079,369411647,355625627,36.28
1572247.079,369411903,355626077,35.98
1572347.079,369411903,355626077,35.51
1572447.079,369412128,355626544,35.71
1572547.079,369412128,355626544,35.79
1572647.079,369412350,355627006,35.95
1572747.079,369412350,355627006,35.47
1572847.079,369412539,355627476,35.48
1572947.079,369412539,355627476,36.89
1573047.079,369412697,355627966,38.58
1573147.079,369412697,355627966,40.04
1573247.079,369412820,355628464,39.57
1573347.079,369412820,355628464,38.62
1573447.079,369412907,355628960,39.19
1573547.079,369412907,355628960,38.81
1573647.079,369412907,355628960,39.44
1573747.079,369412985,355629454,38.84
1573847.079,369413032,355629943,38.45
1573947.079,369413032,355629943,39.31
1574047.079,369413050,355630429,40.13
1574147.079,369413050,355630429,43.11
1574247.079,369413050,355630429,44.39
1574347.079,369413020,355630897,45.25
1574447.079,369412925,355631329,45.09
1574547.079,369412925,355631329,45.46
1574647.079,369412925,355631329,44.85
1574747.079,369412795,355631716,43.89
1574847.079,369412644,355632095,43.8
1574947.079,369412644,355632095,44.81
1575047.079,369412476,355632459,46.33
1575147.079,369412476,355632459,46.56
1575247.079,369412476,355632459,46.06
1575347.079,369412285,355632803,45.37
1575447.079,369412076,355633111,47.63
1575547.079,369412076,355633111,48.12
1575647.079,369411844,355633393,43.92
1575747.079,369411844,355633393,41.46
1575847.079,369411597,355633629,40.16
1575947.079,369411597,355633629,37.96
1576047.079,369411597,355633629,36.51
1576147.079,369411340,355633835,35.61
1576247.079,369411053,355634027,36.37
1576347.079,369411053,355634027,36.32
1576447.079,369410790,355634161,34.98
1576547.079,369410790,355634161,33.35
1576647.079,369410506,355634286,30.72
1576747.079,369410506,355634286,29.37
1576847.079,369410239,355634379,27.89
1576947.079,369410239,355634379,27.04
1577047.079,369409968,355634459,25.94
1577147.079,369409968,355634459,25.04
1577247.079,369409701,355634503,25.17
1577347.079,369409701,355634503,24.43
1577447.079,369409701,355634503,22.74
1577547.079,369409437,355634524,21.41
1577647.079,369409167,355634544,18.58
1577747.079,369409167,355634544,19.13
1577847.079,369408902,355634546,18.74
1577947.079,369408902,355634546,18.22
1578047.079,369408639,355634538,17.59
1578147.079,369408639,355634538,17.15
1578247.079,369408385,355634511,16.31
1578347.079,369408385,355634511,14.76
1578447.079,369408130,355634479,13.26
1578547.079,369408130,355634479,13.1
1578647.079,369407867,355634457,12.84
1578747.079,369407867,355634457,12.51
1578847.079,369407611,355634419,12.18
1578947.079,369407611,355634419,12
1579047.079,369407358,355634368,12.67
1579147.079,369407358,355634368,12.9
1579247.079,369407111,355634302,11.29
1579347.079,369407111,355634302,10.23
1579447.079,369407111,355634302,8.71
1579547.079,369406872,355634234,9.42
1579647.079,369406630,355634172,8.63
1579747.079,369406630,355634172,7.91
1579847.079,369406388,355634099,7.59
1579947.079,369406388,355634099,7.47
1580047.079,369406152,355634016,6.46
1580147.079,369406152,355634016,6.59
1580247.079,369406152,355634016,6.22
1580347.079,369405916,355633929,6.77
1580447.079,369405916,355633929,8.95
1580547.079,369405679,355633842,7.1
1580647.079,369405446,355633744,6.42
1580747.079,369405446,355633744,5.82
1580847.079,369405214,355633645,5
1580947.079,369405214,355633645,4.83
1581047.079,369404986,355633542,5.52
1581147.079,369404986,355633542,5.46
1581247.079,369404756,355633427,4.25
1581347.079,369404756,355633427,4.33
1581447.079,369404756,355633427,4.14
1581547.079,369404527,355633315,4.19
1581647.079,369404299,355633207,4.88
1581747.079,369404299,355633207,4.1
1581847.079,369404071,355633095,3.8
1581947.079,369404071,355633095,3.81
1582047.079,369403847,355632974,4.69
1582147.079,369403847,355632974,5.14
1582247.079,369403624,355632849,3.58
1582347.079,369403624,355632849,2.55
1582447.079,369403401,355632732,0.9599999999999999
1582547.079,369403401,355632732,-1.01
1582647.079,369403177,355632612,2.7
1582747.079,369403177,355632612,4.93
1582847.079,369402956,355632491,4.7
1582947.079,369402956,355632491,3.94
1583047.079,369402738,355632362,4
1583147.079,369402738,355632362,4.87
1583247.079,369402519,355632232,2.33
1583347.079,369402519,355632232,1.52
1583447.079,369402298,355632101,2.07
1583547.079,369402298,355632101,2.55
1583647.079,369402083,355631966,2.5
1583747.079,369402083,355631966,2.58
1583847.079,369401866,355631836,1.76
1583947.079,369401866,355631836,1.75
1584047.079,369401647,355631704,1.37
1584147.079,369401647,355631704,1.23
1584247.079,369401428,355631568,1.89
1584347.079,369401428,355631568,1.73
1584447.079,369401428,355631568,1.96
1584547.079,369401213,355631432,1.5
1584647.079,369400996,355631293,0.76
1584747.079,369400996,355631293,0.14
1584847.079,369400776,355631160,0.23000000000000004
1584947.079,369400776,355631160,1.33
1585047.079,369400556,355631028,1.95
1585147.079,369400556,355631028,1.47
1585247.079,369400338,355630895,1.09
1585347.079,369400338,355630895,1.26
1585447.079,369400117,355630765,1.14
1585547.079,369400117,355630765,-0.53
1585647.079,369400117,355630765,-0.15000000000000002
1585747.079,369399894,355630635,0.4
1585847.079,369399669,355630503,0.039999999999999994
1585947.079,369399669,355630503,0.5700000000000001
1586047.079,369399444,355630375,1.28
1586147.079,369399444,355630375,1.52
1586247.079,369399218,355630250,2.75
1586347.079,369399218,355630250,2.19
1586447.079,369399218,355630250,1.12
1586547.079,369398995,355630119,1.9
1586647.079,369398766,355629986,1.48
1586747.079,369398766,355629986,1.43
1586847.079,369398537,355629859,1.45
1586947.079,369398537,355629859,1.22
1587047.079,369398310,355629729,2
1587147.079,369398310,355629729,2.42
1587247.079,369398080,355629597,1.71
1587347.079,369398080,355629597,1.85
1587447.079,369398080,355629597,1.6
1587547.079,369397851,355629470,0.75
1587647.079,369397622,355629346,-0.29
1587747.079,369397622,355629346,0.59
1587847.079,369397391,355629219,2.25
1587947.079,369397391,355629219,2.47
1588047.079,369397162,355629090,1.18
1588147.079,369397162,355629090,1.75
1588247.079,369396932,355628960,1.72
1588347.079,369396932,355628960,1.06
1588447.079,369396702,355628827,1.47
1588547.079,369396702,355628827,1.75
1588647.079,369396466,355628698,2.4
1588747.079,369396466,355628698,2.52
1588847.079,369396229,355628570,2.62
1588947.079,369396229,355628570,2.64
1589047.079,369395994,355628439,2.15
1589147.079,369395994,355628439,1.98
1589247.079,369395761,355628305,2.1
1589347.079,369395761,355628305,2.71
1589447.079,369395531,355628172,2.7
1589547.079,369395531,355628172,1.97
1589647.079,369395288,355628051,2.87
1589747.079,369395288,355628051,3.42
1589847.079,369395050,355627924,3.08
1589947.079,369395050,355627924,2.71
1590047.079,369394814,355627793,2.6
1590147.079,369394814,355627793,2.32
1590247.079,369394582,355627661,2.29
1590347.079,369394582,355627661,2.89
1590447.079,369394582,355627661,2.93
1590547.079,369394352,355627531,2.2
1590647.079,369394117,355627397,3.13
1590747.079,369394117,355627397,3.98
1590847.079,369393886,355627267,2.65
1590947.079,369393886,355627267,2.4
1591047.079,369393659,355627136,2.72
1591147.079,369393659,355627136,3.72
1591247.079,369393430,355627003,3.83
1591347.079,369393430,355627003,4.02
1591447.079,369393206,355626864,5.67
1591547.079,369393206,355626864,5.95
1591647.079,369392969,355626735,4.24
1591747.079,369392969,355626735,4.53
1591847.079,369392738,355626601,3.26
1591947.079,369392738,355626601,1.73
1592047.079,369392508,355626466,2.01
1592147.079,369392508,355626466,2.56
1592247.079,369392508,355626466,3.52
1592347.079,369392280,355626328,3.31
1592447.079,369392054,355626189,2.81
1592547.079,369392054,355626189,2.42
1592647.079,369391832,355626042,1.99
1592747.079,369391832,355626042,2.79
1592847.079,369391610,355625902,2.22
1592947.079,369391610,355625902,2.33
1593047.079,369391386,355625762,2.97
1593147.079,369391386,355625762,2.61
1593247.079,369391162,355625622,3.27
1593347.079,369391162,355625622,3.34
1593447.079,369390938,355625482,2.25
1593547.079,369390938,355625482,1.77
1593647.079,369390714,355625341,3.37
1593747.079,369390714,355625341,3.39
1593847.079,369390490,355625197,2.78
1593947.079,369390490,355625197,3.8
1594047.079,369390265,355625053,4.19
1594147.079,369390265,355625053,3.86
1594247.079,369390044,355624901,5.58
1594347.079,369390044,355624901,5.78
1594447.079,369389825,355624746,3.19
1594547.079,369389825,355624746,2.63
1594647.079,369389604,355624589,16.53
1594747.079,369389604,355624589,29.01
1594847.079,369389400,355624401,40.72
1594947.079,369389400,355624401,42.02
1595047.079,369389225,355624171,38.99
1595147.079,369389225,355624171,37.43
1595247.079,369389074,355623912,36.95
1595347.079,369389074,355623912,37.99
1595447.079,369388929,355623652,38.79
1595547.079,369388929,355623652,39.34
1595647.079,369388791,355623383,39.56
1595747.079,369388791,355623383,38.9
1595847.079,369388686,355623084,39.67
1595947.079,369388686,355623084,38.89
1596047.079,369388598,355622772,25.01
1596147.079,369388598,355622772,13.61
1596247.079,369388510,355622457,0.43000000000000016
1596347.079,369388510,355622457,-1.04
1596447.079,369388421,355622145,2.6
1596547.079,369388421,355622145,4.45
1596647.079,369388336,355621833,6.04
1596747.079,369388336,355621833,6.32
1596847.079,369388260,355621516,7.35
1596947.079,369388260,355621516,8.58
1597047.079,369388188,355621199,10.23
1597147.079,369388188,355621199,10.81
1597247.079,369388120,355620882,12.02
1597347.079,369388120,355620882,12.8
1597447.079,369388059,355620569,13.82
1597547.079,369388059,355620569,14.5
1597647.079,369388005,355620249,15.86
1597747.079,369388005,355620249,16.85
1597847.079,369387963,355619922,17.79
1597947.079,369387963,355619922,18.66
1598047.079,369387936,355619588,20.3
1598147.079,369387936,355619588,20.94
1598247.079,369387927,355619254,22.7
1598347.079,369387927,355619254,24.26
1598447.079,369387924,355618920,25.91
1598547.079,369387924,355618920,26.17
1598647.079,369387939,355618591,27.05
1598747.079,369387939,355618591,27.58
1598847.079,369387978,355618253,28.94
1598947.079,369387978,355618253,30.68
1599047.079,369388036,355617902,32.99
1599147.079,369388036,355617902,34.18
1599247.079,369388114,355617544,35.04
1599347.079,369388114,355617544,36.36
1599447.079,369388114,355617544,38.17
1599547.079,369388212,355617185,38.65
1599647.079,369388335,355616829,38.48
1599747.079,369388335,355616829,39.93
1599847.079,369388481,355616476,42.14
1599947.079,369388481,355616476,42.66
1600047.079,369388661,355616123,44.27
1600147.079,369388661,355616123,44.78
1600247.079,369388886,355615791,44.78
1600347.079,369388886,355615791,44.53
1600447.079,369388886,355615791,44.54
1600547.079,369389141,355615476,44.27
1600647.079,369389418,355615205,44.3
1600747.079,369389418,355615205,45.21
1600847.079,369389714,355614919,44.3
1600947.079,369389714,355614919,44.44
1601047.079,369390049,355614656,44.02
1601147.079,369390049,355614656,43.84
1601247.079,369390412,355614431,44.23
1601347.079,369390412,355614431,45.11
1601447.079,369390796,355614238,43.88
1601547.079,369390796,355614238,43.23
1601647.079,369391196,355614081,44.69
1601747.079,369391196,355614081,44.28
1601847.079,369391609,355613939,44.18
1601947.079,369391609,355613939,44.62
1602047.079,369392036,355613813,45.92
1602147.079,369392036,355613813,46.42
1602247.079,369392485,355613759,44.91
1602347.079,369392485,355613759,44.38
1602447.079,369392944,355613746,44.7
1602547.079,369392944,355613746,44.96
1602647.079,369393399,355613745,45.05
1602747.079,369393399,355613745,44.99
1602847.079,369393866,355613792,44.85
1602947.079,369393866,355613792,44.43
1603047.079,369394317,355613850,44.69
1603147.079,369394317,355613850,44.87
1603247.079,369394795,355614008,44.72
1603347.079,369394795,355614008,45.01
1603447.079,369395267,355614200,44.73
1603547.079,369395267,355614200,45.43
1603647.079,369395731,355614431,44.84
1603747.079,369395731,355614431,44.12
1603847.079,369396179,355614699,45.17
1603947.079,369396179,355614699,45.01
1604047.079,369396615,355614995,45.43
1604147.079,369396615,355614995,46.53
1604247.079,369397039,355615323,46.45
1604347.079,369397039,355615323,45.64
1604447.079,369397442,355615673,45.68
1604547.079,369397442,355615673,45.39
1604647.079,369397849,355616081,45.35
1604747.079,369397849,355616081,44.29
1604847.079,369398256,355616474,44.49
1604947.079,369398256,355616474,44.55
1605047.079,369398608,355616910,45.38
1605147.079,369398608,355616910,45.29
1605247.079,369398877,355617419,45.04
1605347.079,369398877,355617419,44.57
1605447.079,369399133,355617947,43.41
1605547.079,369399133,355617947,44.35
1605647.079,369399366,355618475,44.99
1605747.079,369399366,355618475,44.37
1605847.079,369399588,355619002,45.1
1605947.079,369399588,355619002,44.63
1606047.079,369399787,355619533,45.16
1606147.079,369399787,355619533,45.31
1606247.079,369399931,355620088,44.59
1606347.079,369399931,355620088,44.44
1606447.079,369400045,355620645,45.16
1606547.079,369400045,355620645,45.23
1606647.079,369400147,355621197,44.77
1606747.079,369400147,355621197,44.14
1606847.079,369400209,355621756,44.66
1606947.079,369400209,355621756,44.96
1607047.079,369400236,355622309,44.47
1607147.079,369400236,355622309,43.55
1607247.079,369400224,355622847,44.1
1607347.079,369400224,355622847,45.4
1607447.079,369400180,355623378,45.22
1607547.079,369400180,355623378,44.44
1607647.079,369400117,355623909,44.37
1607747.079,369400117,355623909,45.48
1607847.079,369400027,355624414,44.51
1607947.079,369400027,355624414,43.94
1608047.079,369399901,355624901,44.71
1608147.079,369399901,355624901,44.74
1608247.079,369399750,355625366,43.94
1608347.079,369399750,355625366,42.9
1608447.079,369399575,355625808,40.57
1608547.079,369399575,355625808,38.96
1608647.079,369399388,355626188,37.31
1608747.079,369399388,355626188,36.58
1608847.079,369399181,355626574,35.72
1608947.079,369399181,355626574,34.78
1609047.079,369398957,355626947,33.76
1609147.079,369398957,355626947,33.36
1609247.079,369398718,355627295,31.42
1609347.079,369398718,355627295,29.9
1609447.079,369398470,355627619,28.35
1609547.079,369398470,355627619,27.11
1609647.079,369398213,355627928,25.5
1609747.079,369398213,355627928,25.14
1609847.079,369397948,355628220,25.59
1609947.079,369397948,355628220,24.78
1610047.079,369397676,355628495,23.94
1610147.079,369397676,355628495,23.21
1610247.079,369397402,355628752,22.28
1610347.079,369397402,355628752,20.54
1610447.079,369397134,355628996,19.12
1610547.079,369397134,355628996,18.15
1610647.079,369396853,355629226,17.66
1610747.079,369396853,355629226,18.26
1610847.079,369396573,355629446,18.96
1610947.079,369396573,355629446,18.9
1611047.079,369396295,355629648,18.21
1611147.079,369396295,355629648,17.54
1611247.079,369396018,355629839,16.7
1611347.079,369396018,355629839,16.35
1611447.079,369395740,355630023,16.28
1611547.079,369395740,355630023,16.34
1611647.079,369395446,355630199,17.94
1611747.079,369395446,355630199,17.54
1611847.079,369395161,355630360,15.17
1611947.079,369395161,355630360,13.98
1612047.079,369394881,355630514,13.47
1612147.079,369394881,355630514,13.48
1612247.079,369394603,355630658,14.18
1612347.079,369394603,355630658,14.48
1612447.079,369394324,355630788,14.56
1612547.079,369394324,355630788,14.39
1612647.079,369394042,355630921,14.14
1612747.079,369394042,355630921,14.31
1612847.079,369393763,355631035,13.92
1612947.079,369393763,355631035,13.26
1613047.079,369393491,355631140,12.35
1613147.079,369393491,355631140,12.84
1613247.079,369393211,355631237,15.23
1613347.079,369393211,355631237,13.8
1613447.079,369392935,355631322,12.79
1613547.079,369392935,355631322,12.85
1613647.079,369392654,355631410,12.78
1613747.079,369392654,355631410,13.22
1613847.079,369392378,355631484,13.28
1613947.079,369392378,355631484,13.2
1614047.079,369392106,355631547,12.58
1614147.079,369392106,355631547,12.5
1614247.079,369391838,355631595,13.13
1614347.079,369391838,355631595,13.97
1614447.079,369391571,355631637,13.89
1614547.079,369391571,355631637,13.73
1614647.079,369391295,355631678,12.5
1614747.079,369391295,355631678,11.76
1614847.079,369391025,355631695,12.63
1614947.079,369391025,355631695,13.03
1615047.079,369390758,355631706,13.67
1615147.079,369390758,355631706,14.07
1615247.079,369390495,355631704,13.76
1615347.079,369390495,355631704,13.07
1615447.079,369390230,355631691,12.27
1615547.079,369390230,355631691,11.68
1615647.079,369389965,355631676,12.21
1615747.079,369389965,355631676,13.07
1615847.079,369389704,355631649,13.9
1615947.079,369389704,355631649,13.94
1616047.079,369389446,355631607,12.59
1616147.079,369389446,355631607,12.15
1616247.079,369389191,355631558,11.75
1616347.079,369389191,355631558,11.93
1616447.079,369388939,355631500,12.34
1616547.079,369388939,355631500,13.19
1616647.079,369388682,355631449,13.39
1616747.079,369388682,355631449,13.89
1616847.079,369388432,355631384,14.13
1616947.079,369388432,355631384,13.66
1617047.079,369388187,355631306,13.63
1617147.079,369388187,355631306,12.96
1617247.079,369387946,355631228,13.77
1617347.079,369387946,355631228,13.86
1617447.079,369387712,355631136,12.86
1617547.079,369387712,355631136,13.61
1617647.079,369387484,355631037,13.83
1617747.079,369387484,355631037,12.86
1617847.079,369387248,355630932,13.37
1617947.079,369387248,355630932,14.07
1618047.079,369387033,355630808,14.04
1618147.079,369387033,355630808,12.51
1618247.079,369386816,355630678,11.56
1618347.079,369386816,355630678,10.87
1618447.079,369386596,355630543,11.03
1618547.079,369386596,355630543,12.32
1618647.079,369386378,355630405,13.76
1618747.079,369386378,355630405,14.39
1618847.079,369386167,355630248,14.84
1618947.079,369386167,355630248,14.54
1619047.079,369385959,355630078,13.55
1619147.079,369385959,355630078,13.9
1619247.079,369385755,355629899,12.91
1619347.079,369385755,355629899,13.73
1619447.079,369385553,355629720,14.33
1619547.079,369385553,355629720,13.75
1619647.079,369385347,355629538,14.26
1619747.079,369385347,355629538,14.71
1619847.079,369385149,355629342,14.6
1619947.079,369385149,355629342,14.71
1620047.079,369384959,355629131,15.59
1620147.079,369384959,355629131,15.8
1620247.079,369384776,355628914,14.78
1620347.079,369384776,355628914,14.82
1620447.079,369384598,355628689,15.53
1620547.079,369384598,355628689,16.15
1620647.079,369384420,355628446,18.27
1620747.079,369384420,355628446,17.1
1620847.079,369384255,355628200,18.36
1620947.079,369384255,355628200,28.48
1621047.079,369384107,355627936,41.45
1621147.079,369384107,355627936,41.57
1621247.079,369383971,355627650,41.48
1621347.079,369383971,355627650,39.78
1621447.079,369383880,355627321,37.74
1621547.079,369383880,355627321,38.63
1621647.079,369383828,355626966,37.7
1621747.079,369383828,355626966,38.43
1621847.079,369383785,355626605,39.38
1621947.079,369383785,355626605,39.61
1622047.079,369383753,355626237,41.31
1622147.079,369383753,355626237,41.24
1622247.079,369383760,355625848,42.04
1622347.079,369383760,355625848,41.74
1622447.079,369383808,355625452,37.44
1622547.079,369383808,355625452,34.59
1622647.079,369383890,355625056,38.52
1622747.079,369383890,355625056,38.69
1622847.079,369383989,355624658,38.57
1622947.079,369383989,355624658,38.38
1623047.079,369384104,355624259,37.28
1623147.079,369384104,355624259,36.87
1623247.079,369384236,355623863,36.99
1623347.079,369384236,355623863,38.22
1623447.079,369384385,355623466,39.94
1623547.079,369384385,355623466,39.48
1623647.079,369384571,355623085,38.25
1623747.079,369384571,355623085,36.6
1623847.079,369384794,355622712,34.83
1623947.079,369384794,355622712,34.52
1624047.079,369385040,355622347,33.27
1624147.079,369385040,355622347,32.6
1624247.079,369385298,355621986,33.67
1624347.079,369385298,355621986,31.94
1624447.079,369385571,355621631,32.47
1624547.079,369385571,355621631,34.04
1624647.079,369385856,355621293,34.61
1624747.079,369385856,355621293,34.08
1624847.079,369386168,355620968,33.21
1624947.079,369386168,355620968,33.3
1625047.079,369386500,355620656,32.74
1625147.079,369386500,355620656,31.81
1625247.079,369386845,355620355,31.54
1625347.079,369386845,355620355,31.77
1625447.079,369387206,355620066,31.61
1625547.079,369387206,355620066,31.1
1625647.079,369387573,355619786,30.55
1625747.079,369387573,355619786,31.27
1625847.079,369387961,355619538,30.7
1625947.079,369387961,355619538,30.52
1626047.079,369388359,355619312,29.3
1626147.079,369388359,355619312,20.35
1626247.079,369388758,355619099,3.4700000000000006
1626347.079,369388758,355619099,-8.03
1626447.079,369389146,355618875,-25.81
1626547.079,369389146,355618875,-37.2
1626647.079,369389521,355618630,-47.52
1626747.079,369389521,355618630,-45.24
1626847.079,369389866,355618359,-41.71
1626947.079,369389866,355618359,-40.55
1627047.079,369390169,355618063,-42.37
1627147.079,369390169,355618063,-42.82
1627247.079,369390461,355617743,-41.93
1627347.079,369390461,355617743,-42.51
1627447.079,369390739,355617431,-41.81
1627547.079,369390739,355617431,-42.63
1627647.079,369390977,355617093,-44.02
1627747.079,369390977,355617093,-44.53
1627847.079,369391176,355616735,-44.29
1627947.079,369391176,355616735,-43.81
1628047.079,369391361,355616375,-43.84
1628147.079,369391361,355616375,-44.51
1628247.079,369391361,355616375,-45.34
1628347.079,369391526,355616014,-45.13
1628447.079,369391649,355615656,-45.31
1628547.079,369391649,355615656,-45.78
1628647.079,369391718,355615293,-44.3
1628747.079,369391718,355615293,-43.09
1628847.079,369391756,355614935,-43.12
1628947.079,369391756,355614935,-44.05
1629047.079,369391781,355614584,-44.48
1629147.079,369391781,355614584,-43.27
1629247.079,369391777,355614244,-42.52
1629347.079,369391777,355614244,-42.72
1629447.079,369391736,355613918,-42.84
1629547.079,369391736,355613918,-42.39
1629647.079,369391674,355613588,-41.42
1629747.079,369391674,355613588,-40.22
1629847.079,369391584,355613288,-39.24
1629947.079,369391584,355613288,-39.31
1630047.079,369391472,355613015,-39.07
1630147.079,369391472,355613015,-38.76
1630247.079,369391333,355612763,-37.84
1630347.079,369391333,355612763,-37.23
1630447.079,369391175,355612545,-36.97
1630547.079,369391175,355612545,-36.14
1630647.079,369391001,355612350,-33.18
1630747.079,369391001,355612350,-32.34
1630847.079,369390813,355612177,-31.71
1630947.079,369390813,355612177,-30.73
1631047.079,369390615,355612027,-29.64
1631147.079,369390615,355612027,-28.68
1631247.079,369390403,355611900,-27.16
1631347.079,369390403,355611900,-26.27
1631447.079,369390194,355611785,-24.77
1631547.079,369390194,355611785,-24.43
1631647.079,369389975,355611689,-23.51
1631747.079,369389975,355611689,-21.71
1631847.079,369389752,355611611,-20.61
1631947.079,369389752,355611611,-19.91
1632047.079,369389523,355611555,-19.57
1632147.079,369389523,355611555,-18.79
1632247.079,369389291,355611516,-16.92
1632347.079,369389291,355611516,-24.22
1632447.079,369389057,355611494,-36.52
1632547.079,369389057,355611494,-38.26
1632647.079,369388825,355611521,-38.11
1632747.079,369388825,355611521,-36.14
1632847.079,369388586,355611595,-36.72
1632947.079,369388586,355611595,-38.01
1633047.079,369388346,355611689,-39.22
1633147.079,369388346,355611689,-38.3
1633247.079,369388107,355611809,-37.88
1633347.079,369388107,355611809,-37.82
1633447.079,369387867,355611968,-38.65
1633547.079,369387867,355611968,-39.8
1633647.079,369387640,355612170,-42.12
1633747.079,369387640,355612170,-41.71
1633847.079,369387423,355612414,-41.97
1633947.079,369387423,355612414,-42.47
1634047.079,369387222,355612688,-42.76
1634147.079,369387222,355612688,-43.18
1634247.079,369387030,355612992,-43.85
1634347.079,369387030,355612992,-44.07
1634447.079,369386855,355613333,-44.58
1634547.079,369386855,355613333,-45.22
1634647.079,369386710,355613701,-45.49
1634747.079,369386710,355613701,-45.33
1634847.079,369386593,355614114,-44.83
1634947.079,369386593,355614114,-45.12
1635047.079,369386517,355614568,-45.3
1635147.079,369386517,355614568,-44.83
1635247.079,369386455,355615029,-44.85
1635347.079,369386455,355615029,-44.73
1635447.079,369386425,355615508,-45.4
1635547.079,369386425,355615508,-44.84
1635647.079,369386433,355616005,-44.98
1635747.079,369386433,355616005,-44.6
1635847.079,369386488,355616505,-44.03
1635947.079,369386488,355616505,-44.09
1636047.079,369386575,355617019,-44.39
1636147.079,369386575,355617019,-44.24
1636247.079,369386692,355617528,-43.59
1636347.079,369386692,355617528,-43.59
1636447.079,369386835,355618035,-45.25
1636547.079,369386835,355618035,-45.3
1636647.079,369387013,355618541,-43.79
1636747.079,369387013,355618541,-43.51
1636847.079,369387226,355619028,-42.33
1636947.079,369387226,355619028,-40.97
1637047.079,369387469,355619504,-39.14
1637147.079,369387469,355619504,-38.96
1637247.079,369387729,355619973,-37.53
1637347.079,369387729,355619973,-37.14
1637447.079,369387999,355620434,-37.1
1637547.079,369387999,355620434,-36.86
1637647.079,369388291,355620876,-35.55
1637747.079,369388291,355620876,-34.07
1637847.079,369388608,355621295,-33.47
1637947.079,369388608,355621295,-33.24
1638047.079,369388940,355621696,-31.07
1638147.079,369388940,355621696,-30.59
1638247.079,369389281,355622082,-29.43
1638347.079,369389281,355622082,-28.6
1638447.079,369389636,355622452,-26.85
1638547.079,369389636,355622452,-25.4
1638647.079,369389986,355622821,-24.28
1638747.079,369389986,355622821,-22.36
1638847.079,369390351,355623159,-22.31
1638947.079,369390351,355623159,-22.2
1639047.079,369390727,355623483,-19
1639147.079,369390727,355623483,-19.55
1639247.079,369391118,355623787,-19.62
1639347.079,369391118,355623787,-18.04
1639447.079,369391521,355624064,-17.68
1639547.079,369391521,355624064,-16.7
1639647.079,369391892,355624362,-16.49
1639747.079,369391892,355624362,-16.03
1639847.079,369392288,355624626,-14.68
1639947.079,369392288,355624626,-14.42
1640047.079,369392686,355624882,-13.52
1640147.079,369392686,355624882,-12.44
1640247.079,369393097,355625119,-11.85
1640347.079,369393097,355625119,-11.95
1640447.079,369393498,355625357,-11.71
1640547.079,369393498,355625357,-11.24
1640647.079,369393913,355625580,-10.77
1640747.079,369393913,355625580,-10.29
1640847.079,369394325,355625796,-9.88
1640947.079,369394325,355625796,-10.11
1641047.079,369394737,355626007,-9.88
1641147.079,369394737,355626007,-9.94
1641247.079,369395153,355626201,-8.99
1641347.079,369395153,355626201,-7.12
1641447.079,369395567,355626385,-7.21
1641547.079,369395567,355626385,-6.53
1641647.079,369395982,355626561,-6.91
1641747.079,369395982,355626561,-7.1
1641847.079,369396399,355626730,-6.17
1641947.079,369396399,355626730,-6.31
1642047.079,369396815,355626900,-5.14
1642147.079,369396815,355626900,-5.85
1642247.079,369397228,355627058,-9.03
1642347.079,369397228,355627058,-10.8
1642447.079,369397638,355627208,-12.59
1642547.079,369397638,355627208,-14.33
1642647.079,369398055,355627353,-16.11
1642747.079,369398055,355627353,-17.78
1642847.079,369398464,355627481,-19.51
1642947.079,369398464,355627481,-21.09
1643047.079,369398880,355627587,-23.2
1643147.079,369398880,355627587,-23.9
1643247.079,369399289,355627680,-24.99
1643347.079,369399289,355627680,-25.78
1643447.079,369399697,355627757,-27.08
1643547.079,369399697,355627757,-28.16
1643647.079,369400107,355627823,-29.75
1643747.079,369400107,355627823,-30.23
1643847.079,369400506,355627863,-31.15
1643947.079,369400506,355627863,-31.11
1644047.079,369400920,355627869,-31.55
1644147.079,369400920,355627869,-32.25
1644247.079,369401312,355627849,-32.66
1644347.079,369401312,355627849,-33.55
1644447.079,369401700,355627795,-31.71
1644547.079,369401700,355627795,-31.16
1644647.079,369402093,355627725,-31.53
1644747.079,369402093,355627725,-31.37
1644847.079,369402475,355627627,-30.42
1644947.079,369402475,355627627,-28.81
1645047.079,369402843,355627511,-26.8
1645147.079,369402843,355627511,-26.39
1645247.079,369403202,355627371,-24.22
1645347.079,369403202,355627371,-22.66
1645447.079,369403557,355627224,-19.74
1645547.079,369403557,355627224,-17.84
1645647.079,369403921,355627048,-13.02
1645747.079,369403921,355627048,-10
1645847.079,369404272,355626870,-5.85
1645947.079,369404272,355626870,-3.04
1646047.079,369404613,355626693,0.42
1646147.079,369404613,355626693,-0.25
1646247.079,369404952,355626514,2.32
1646347.079,369404952,355626514,5.5
1646447.079,369405291,355626335,9.29
1646547.079,369405291,355626335,11.82
1646647.079,369405634,355626158,14.17
1646747.079,369405634,355626158,16.2
1646847.079,369405985,355626002,19.15
1646947.079,369405985,355626002,20.7
1647047.079,369406342,355625853,23.19
1647147.079,369406342,355625853,24.12
1647247.079,369406702,355625725,24.17
1647347.079,369406702,355625725,24.79
1647447.079,369407062,355625592,29.59
1647547.079,369407062,355625592,31.02
1647647.079,369407423,355625501,33.66
1647747.079,369407423,355625501,33.98
1647847.079,369407804,355625447,35.84
1647947.079,369407804,355625447,37.8
1648047.079,369408191,355625425,37.9
1648147.079,369408191,355625425,38.18
1648247.079,369408585,355625438,38.91
1648347.079,369408585,355625438,39.87
1648447.079,369408986,355625484,40.79
1648547.079,369408986,355625484,41.37
1648647.079,369409377,355625544,42.63
1648747.079,369409377,355625544,42.92
1648847.079,369409776,355625647,43.69
1648947.079,369409776,355625647,43.15
1649047.079,369410168,355625814,43.31
1649147.079,369410168,355625814,43.16
1649247.079,369410553,355626021,44.11
1649347.079,369410553,355626021,44.72
1649447.079,369410930,355626265,44.02
1649547.079,369410930,355626265,44.24
1649647.079,369411335,355626549,43.78
1649747.079,369411335,355626549,43.62
1649847.079,369411702,355626876,43.74
1649947.079,369411702,355626876,43.94
1650047.079,369412042,355627235,44.62
1650147.079,369412042,355627235,44.2
1650247.079,369412357,355627625,43.59
1650347.079,369412357,355627625,43.95
1650447.079,369412659,355628031,43.33
1650547.079,369412659,355628031,43.08
1650647.079,369412928,355628469,43.76
1650747.079,369412928,355628469,44.36
1650847.079,369413163,355628928,43.77
1650947.079,369413163,355628928,43.19
1651047.079,369413353,355629417,44.18
1651147.079,369413353,355629417,45.47
1651247.079,369413520,355629913,45.38
1651347.079,369413520,355629913,43.44
1651447.079,369413657,355630418,42.57
1651547.079,369413657,355630418,43.65
1651647.079,369413754,355630901,43.87
1651747.079,369413754,355630901,44.82
1651847.079,369413827,355631422,44.59
1651947.079,369413827,355631422,43.05
1652047.079,369413868,355631945,43.66
1652147.079,369413868,355631945,44.05
1652247.079,369413877,355632462,43.9
1652347.079,369413877,355632462,44.65
1652447.079,369413855,355632977,44.15
1652547.079,369413855,355632977,43.8
1652647.079,369413798,355633473,44.66
1652747.079,369413798,355633473,45.09
1652847.079,369413712,355633952,44.82
1652947.079,369413712,355633952,45.09
1653047.079,369413600,355634423,44.67
1653147.079,369413600,355634423,44.52
1653247.079,369413456,355634868,43.89
1653347.079,369413456,355634868,44.11
1653447.079,369413282,355635285,44.96
1653547.079,369413282,355635285,44.82
1653647.079,369413081,355635660,44.13
1653747.079,369413081,355635660,44.44
1653847.079,369412852,355636010,43.59
1653947.079,369412852,355636010,42.16
1654047.079,369412604,355636329,40.6
1654147.079,369412604,355636329,40.33
1654247.079,369412351,355636633,40.48
1654347.079,369412351,355636633,40.18
1654447.079,369412091,355636914,40.86
1654547.079,369412091,355636914,39.33
1654647.079,369411809,355637144,37.05
1654747.079,369411809,355637144,36.92
1654847.079,369411523,355637359,36.23
1654947.079,369411523,355637359,36.13
1655047.079,369411224,355637543,36.05
1655147.079,369411224,355637543,35.43
1655247.079,369410923,355637702,34.73
1655347.079,369410923,355637702,34.2
1655447.079,369410613,355637813,33.13
1655547.079,369410613,355637813,32.75
1655647.079,369410297,355637919,32.02
1655747.079,369410297,355637919,31.91
1655847.079,369409987,355637985,30.16
1655947.079,369409987,355637985,29.05
1656047.079,369409675,355638035,29.43
1656147.079,369409675,355638035,29.94
1656247.079,369409368,355638060,28.13
1656347.079,369409368,355638060,27.29
1656447.079,369409061,355638063,14.36
1656547.079,369409061,355638063,5.51
1656647.079,369408779,355638046,0.050000000000000044
1656747.079,369408779,355638046,0.17
1656847.079,369408507,355638032,1.38
1656947.079,369408507,355638032,1.15
1657047.079,369408245,355638016,-0.12
1657147.079,369408245,355638016,-0.82
1657247.079,369407987,355638000,-1.06
1657347.079,369407987,355638000,-1.28
1657447.079,369407733,355637994,-1.11
1657547.079,369407733,355637994,-0.8
1657647.079,369407471,355637978,0.4
1657747.079,369407471,355637978,-0.27
1657847.079,369407219,355637975,-0.97
1657947.079,369407219,355637975,0.82
1658047.079,369406979,355637972,2.14
1658147.079,369406979,355637972,0.07000000000000006
1658247.079,369406744,355637968,-0.74
1658347.079,369406744,355637968,-0.43
1658447.079,369406508,355637967,-0.15000000000000002
1658547.079,369406508,355637967,0.09
1658647.079,369406288,355637957,-0.38
1658747.079,369406288,355637957,-0.44
1658847.079,369406070,355637954,0.63
1658947.079,369406070,355637954,0.57
1659047.079,369405849,355637951,-0.11000000000000001
1659147.079,369405849,355637951,-0.23
1659247.079,369405633,355637950,-0.15
1659347.079,369405633,355637950,-0.61
1659447.079,369405422,355637953,-1.16
1659547.079,369405422,355637953,-1.08
1659647.079,369405215,355637960,0.97
1659747.079,369405215,355637960,-0.2799999999999999
1659847.079,369405018,355637961,-0.99
1659947.079,369405018,355637961,0.87
1660047.079,369404817,355637971,0.89
1660147.079,369404817,355637971,-0.06000000000000005
1660247.079,369404624,355637980,-1.03
1660347.079,369404624,355637980,1.05
1660447.079,369404434,355637988,1.1
1660547.079,369404434,355637988,0.66
1660647.079,369404242,355637999,1.69
1660747.079,369404242,355637999,1.31
1660847.079,369404066,355638004,0.83
1660947.079,369404066,355638004,0.38
1661047.079,369403885,355638009,-1.18
1661147.079,369403885,355638009,-0.9
1661247.079,369403704,355638015,-0.15
1661347.079,369403704,355638015,-0.43
1661447.079,369403532,355638020,-1.09
1661547.079,369403532,355638020,0.19000000000000006
1661647.079,369403357,355638029,0.020000000000000018
1661747.079,369403357,355638029,-0.06
1661847.079,369403187,355638037,0.27
1661947.079,369403187,355638037,0.31
1662047.079,369403012,355638049,-0.69
1662147.079,369403012,355638049,-0.74
1662247.079,369402843,355638060,-0.76
1662347.079,369402843,355638060,-0.85
1662447.079,369402671,355638073,-0.06
1662547.079,369402671,355638073,0.15
1662647.079,369402500,355638083,0.82
1662747.079,369402500,355638083,-0.6499999999999999
1662847.079,369402334,355638099,-1.0500000000000003
1662947.079,369402334,355638099,0.38
1663047.079,369402163,355638117,-0.39
1663147.079,369402163,355638117,1.78
1663247.079,369401989,355638128,17.67
1663347.079,369401989,355638128,30.63
1663447.079,369401818,355638124,35
1663547.079,369401818,355638124,30.6
1663647.079,369401635,355638112,27.31
1663747.079,369401635,355638112,26.81
1663847.079,369401458,355638080,27.01
1663947.079,369401458,355638080,27.87
1664047.079,369401275,355638045,28.91
1664147.079,369401275,355638045,29.34
1664247.079,369401091,355637990,29.84
1664347.079,369401091,355637990,30.4
1664447.079,369400911,355637906,29.97
1664547.079,369400911,355637906,31.37
1664647.079,369400732,355637796,31
1664747.079,369400732,355637796,29.61
1664847.079,369400564,355637659,30.69
1664947.079,369400564,355637659,29.67
1665047.079,369400411,355637495,30.46
1665147.079,369400411,355637495,32.99
1665247.079,369400267,355637306,33.58
1665347.079,369400267,355637306,35.21
1665447.079,369400127,355637097,34.89
1665547.079,369400127,355637097,33.74
1665647.079,369400006,355636869,33.51
1665747.079,369400006,355636869,33.01
1665847.079,369399900,355636613,34.66
1665947.079,369399900,355636613,36.07
1666047.079,369399809,355636339,36.34
1666147.079,369399809,355636339,36.14
1666247.079,369399742,355636041,36.55
1666347.079,369399742,355636041,37.42
1666447.079,369399703,355635730,37.07
1666547.079,369399703,355635730,37.55
1666647.079,369399694,355635404,36.79
1666747.079,369399694,355635404,36.15
1666847.079,369399697,355635070,33.9
1666947.079,369399697,355635070,32.12
1667047.079,369399720,355634746,31.39
1667147.079,369399720,355634746,31.2
1667247.079,369399727,355634385,30.57
1667347.079,369399727,355634385,29.92
1667447.079,369399752,355634027,30.15
1667547.079,369399752,355634027,29.57
1667647.079,369399818,355633673,29.65
1667747.079,369399818,355633673,30.6
1667847.079,369399903,355633313,28.69
1667947.079,369399903,355633313,25.24
1668047.079,369399997,355632954,21.07
1668147.079,369399997,355632954,20.37
1668247.079,369400093,355632599,19.45
1668347.079,369400093,355632599,19.48
1668447.079,369400197,355632250,21.41
1668547.079,369400197,355632250,19.5
1668647.079,369400319,355631898,18.05
1668747.079,369400319,355631898,17.68
1668847.079,369400455,355631545,17.29
1668947.079,369400455,355631545,15.57
1669047.079,369400597,355631199,14.52
1669147.079,369400597,355631199,14.02
1669247.079,369400742,355630857,13.86
1669347.079,369400742,355630857,14.51
1669447.079,369400894,355630516,14.35
1669547.079,369400894,355630516,12.98
1669647.079,369401062,355630173,13.23
1669747.079,369401062,355630173,13.86
1669847.079,369401238,355629834,13.3
1669947.079,369401238,355629834,13.19
1670047.079,369401419,355629501,14.29
1670147.079,369401419,355629501,14.87
1670247.079,369401605,355629171,15.1
1670347.079,369401605,355629171,14.64
1670447.079,369401795,355628841,14.65
1670547.079,369401795,355628841,15.18
1670647.079,369402008,355628518,15.03
1670747.079,369402008,355628518,15.43
1670847.079,369402227,355628192,17.14
1670947.079,369402227,355628192,17.8
1671047.079,369402447,355627876,17.52
1671147.079,369402447,355627876,18.02
1671247.079,369402677,355627566,18.12
1671347.079,369402677,355627566,12.79
1671447.079,369402912,355627248,-6.499999999999999
1671547.079,369402912,355627248,-16.49
1671647.079,369403138,355626904,-19.98
1671747.079,369403138,355626904,-15.06
1671847.079,369403358,355626554,-8.58
1671947.079,369403358,355626554,-2.43
1672047.079,369403574,355626198,-1.9700000000000002
1672147.079,369403574,355626198,-9.95
1672247.079,369403794,355625844,-14.37
1672347.079,369403794,355625844,-16.65
1672447.079,369403993,355625480,-18.67
1672547.079,369403993,355625480,-18.8
1672647.079,369404183,355625106,-18.14
1672747.079,369404183,355625106,-19.34
1672847.079,369404356,355624728,-23.44
1672947.079,369404356,355624728,-29.31
1673047.079,369404516,355624343,-32.64
1673147.079,369404516,355624343,-30.49
1673247.079,369404654,355623968,-28.97
1673347.079,369404654,355623968,-29.17
1673447.079,369404780,355623565,-25.87
1673547.079,369404780,355623565,-25.12
1673647.079,369404892,355623165,-26.45
1673747.079,369404892,355623165,-29.18
1673847.079,369404992,355622770,-30.2
1673947.079,369404992,355622770,-28.68
1674047.079,369405067,355622371,-33.44
1674147.079,369405067,355622371,-34.93
1674247.079,369405112,355621971,-32.92
1674347.079,369405112,355621971,-31.32
1674447.079,369405137,355621573,-29.97
1674547.079,369405137,355621573,-30.61
1674647.079,369405144,355621180,-30.65
1674747.079,369405144,355621180,-30.4
1674847.079,369405127,355620791,-30.95
1674947.079,369405127,355620791,-31.43
1675047.079,369405083,355620413,-31.15
1675147.079,369405083,355620413,-31.53
1675247.079,369405021,355620041,-33.72
1675347.079,369405021,355620041,-35.35
1675447.079,369404934,355619684,-35.53
1675547.079,369404934,355619684,-35.61
1675647.079,369404822,355619325,-36.11
1675747.079,369404822,355619325,-35.7
1675847.079,369404698,355619000,-33.29
1675947.079,369404698,355619000,-32.91
1676047.079,369404549,355618683,-31.75
1676147.079,369404549,355618683,-31.77
1676247.079,369404388,355618384,-33.25
1676347.079,369404388,355618384,-33.37
1676447.079,369404220,355618108,-34.15
1676547.079,369404220,355618108,-35.54
1676647.079,369404013,355617866,-36.86
1676747.079,369404013,355617866,-37.96
1676847.079,369403787,355617666,-40.11
1676947.079,369403787,355617666,-39.67
1677047.079,369403548,355617498,-36.36
1677147.079,369403548,355617498,-36.6
1677247.079,369403302,355617350,-36.64
1677347.079,369403302,355617350,-37.41
1677447.079,369403044,355617220,-37.78
1677547.079,369403044,355617220,-37.49
1677647.079,369402782,355617127,-38.31
1677747.079,369402782,355617127,-38.67
1677847.079,369402504,355617070,-38.93
1677947.079,369402504,355617070,-38.93
1678047.079,369402220,355617053,-39.85
1678147.079,369402220,355617053,-41.18
1678247.079,369401930,355617070,-41.88
1678347.079,369401930,355617070,-40.51
1678447.079,369401635,355617117,-38.88
1678547.079,369401635,355617117,-39.18
1678647.079,369401334,355617183,-39.09
1678747.079,369401334,355617183,-38.47
1678847.079,369401038,355617295,-36.72
1678947.079,369401038,355617295,-35.96
1679047.079,369400744,355617427,-35.68
1679147.079,369400744,355617427,-35.94
1679247.079,369400461,355617609,-34.13
1679347.079,369400461,355617609,-31.43
1679447.079,369400181,355617815,-27.34
1679547.079,369400181,355617815,-25.01
1679647.079,369399901,355618039,-20.46
1679747.079,369399901,355618039,-16.61
1679847.079,369399625,355618277,-14.65
1679947.079,369399625,355618277,-11.99
1680047.079,369399351,355618523,-8.95
1680147.079,369399351,355618523,-6.63
1680247.079,369399076,355618778,-2.54
1680347.079,369399076,355618778,-1.56
1680447.079,369398804,355619039,-2.26
1680547.079,369398804,355619039,-1.05
1680647.079,369398532,355619308,-0.39
1680747.079,369398532,355619308,-0.41
1680847.079,369398266,355619578,0.28
1680947.079,369398266,355619578,0.61
1681047.079,369398000,355619848,0.78
1681147.079,369398000,355619848,0.93
1681247.079,369397732,355620121,1.5
1681347.079,369397732,355620121,1.14
1681447.079,369397462,355620394,-0.21999999999999992
1681547.079,369397462,355620394,-0.33
1681647.079,369397197,355620668,-0.47
1681747.079,369397197,355620668,-0.73
1681847.079,369396930,355620945,0.49
1681947.079,369396930,355620945,0.7
1682047.079,369396661,355621223,0.35
1682147.079,369396661,355621223,0.32
1682247.079,369396394,355621502,0.13
1682347.079,369396394,355621502,0.24
1682447.079,369396128,355621783,-3.24
1682547.079,369396128,355621783,-2.15
1682647.079,369395867,355622070,-1
1682747.079,369395867,355622070,0.21999999999999997
1682847.079,369395606,355622358,0.14
1682947.079,369395606,355622358,-0.52
1683047.079,369395347,355622647,0.27
1683147.079,369395347,355622647,0.82
1683247.079,369395084,355622936,0.85
1683347.079,369395084,355622936,2.62
1683447.079,369394822,355623223,5.85
1683547.079,369394822,355623223,6.25
1683647.079,369394555,355623506,10.3
1683747.079,369394555,355623506,15.46
1683847.079,369394288,355623789,21.38
1683947.079,369394288,355623789,19.35
1684047.079,369394020,355624059,16.45
1684147.079,369394020,355624059,15.79
1684247.079,369393755,355624317,16.25
1684347.079,369393755,355624317,18.63
1684447.079,369393488,355624570,19.89
1684547.079,369393488,355624570,19.71
1684647.079,369393211,355624813,21.06
1684747.079,369393211,355624813,21.12
1684847.079,369392938,355625035,22.29
1684947.079,369392938,355625035,25.31
1685047.079,369392658,355625233,33.69
1685147.079,369392658,355625233,34.76
1685247.079,369392369,355625397,34.41
1685347.079,369392369,355625397,33.96
1685447.079,369392076,355625528,30.67
1685547.079,369392076,355625528,26.91
1685647.079,369391786,355625654,26.94
1685747.079,369391786,355625654,29.26
1685847.079,369391495,355625764,32.33
1685947.079,369391495,355625764,33.75
1686047.079,369391213,355625861,37.04
1686147.079,369391213,355625861,38.04
1686247.079,369390927,355625907,38.26
1686347.079,369390927,355625907,36.77
1686447.079,369390645,355625915,35.72
1686547.079,369390645,355625915,34.15
1686647.079,369390367,355625912,31.29
1686747.079,369390367,355625912,31.62
1686847.079,369390092,355625887,31.03
1686947.079,369390092,355625887,32.03
1687047.079,369389821,355625837,34.63
1687147.079,369389821,355625837,36.36
1687247.079,369389552,355625758,37.2
1687347.079,369389552,355625758,37.02
1687447.079,369389303,355625629,36.34
1687547.079,369389303,355625629,36.02
1687647.079,369389064,355625474,35.71
1687747.079,369389064,355625474,35.65
1687847.079,369388837,355625302,35.49
1687947.079,369388837,355625302,35.3
1688047.079,369388614,355625115,34.93
1688147.079,369388614,355625115,34.7
1688247.079,369388408,355624901,34.59
1688347.079,369388408,355624901,33.51
1688447.079,369388213,355624662,30.23
1688547.079,369388213,355624662,29.08
1688647.079,369388025,355624408,28.46
1688747.079,369388025,355624408,28.23
1688847.079,369387854,355624130,27.82
1688947.079,369387854,355624130,27.26
1689047.079,369387694,355623840,25.28
1689147.079,369387694,355623840,23.35
1689247.079,369387546,355623543,17.53
1689347.079,369387546,355623543,12.21
1689447.079,369387401,355623241,6.23
1689547.079,369387401,355623241,6.39
1689647.079,369387234,355622948,11.65
1689747.079,369387234,355622948,15.7
1689847.079,369387087,355622639,22.16
1689947.079,369387087,355622639,22.05
1690047.079,369386965,355622315,17
1690147.079,369386965,355622315,13.97
1690247.079,369386846,355621989,11.4
1690347.079,369386846,355621989,10.46
1690447.079,369386729,355621658,10.66
1690547.079,369386729,355621658,10.16
1690647.079,369386622,355621326,9.99
1690747.079,369386622,355621326,11.53
1690847.079,369386522,355620988,11.04
1690947.079,369386522,355620988,10.96
1691047.079,369386428,355620644,11.27
1691147.079,369386428,355620644,11.65
1691247.079,369386340,355620294,11.33
1691347.079,369386340,355620294,6.63
1691447.079,369386253,355619943,1.81
1691547.079,369386253,355619943,9.24
1691647.079,369386162,355619585,28.24
1691747.079,369386162,355619585,38.3
1691847.079,369386112,355619224,45.55
1691947.079,369386112,355619224,44.73
1692047.079,369386133,355618846,46.69
1692147.079,369386133,355618846,45.91
1692247.079,369386220,355618456,45.08
1692347.079,369386220,355618456,44.91
1692447.079,369386307,355618066,44.27
1692547.079,369386307,355618066,44.59
1692647.079,369386402,355617684,46.33
1692747.079,369386402,355617684,45.35
1692847.079,369386533,355617297,44.38
1692947.079,369386533,355617297,45.1
1693047.079,369386714,355616912,44.83
1693147.079,369386714,355616912,44.81
1693247.079,369386946,355616554,43.89
1693347.079,369386946,355616554,43.79
1693447.079,369387203,355616217,43.96
1693547.079,369387203,355616217,44.29
1693647.079,369387475,355615883,45.42
1693747.079,369387475,355615883,45.98
1693847.079,369387767,355615561,44.49
1693947.079,369387767,355615561,44.12
1694047.079,369388089,355615259,44.45
1694147.079,369388089,355615259,44.51
1694247.079,369388445,355614985,45.3
1694347.079,369388445,355614985,45.31
1694447.079,369388827,355614755,45.33
1694547.079,369388827,355614755,44.79
1694647.079,369389209,355614561,44.44
1694747.079,369389209,355614561,45.16
1694847.079,369389607,355614394,44.14
1694947.079,369389607,355614394,43.62
1695047.079,369390022,355614248,44.9
1695147.079,369390022,355614248,45.05
1695247.079,369390454,355614136,45.23
1695347.079,369390454,355614136,45.22
1695447.079,369390901,355614069,44.84
1695547.079,369390901,355614069,44.47
1695647.079,369391346,355614040,44.06
1695747.079,369391346,355614040,43.7
1695847.079,369391799,355614045,42.33
1695947.079,369391799,355614045,41.92
1696047.079,369392255,355614078,41.62
1696147.079,369392255,355614078,40.16
1696247.079,369392710,355614139,39.4
1696347.079,369392710,355614139,38.83
1696447.079,369393166,355614235,37.2
1696547.079,369393166,355614235,36.75
1696647.079,369393601,355614348,35.99
1696747.079,369393601,355614348,34.17
1696847.079,369394038,355614491,32.71
1696947.079,369394038,355614491,31.61
1697047.079,369394472,355614662,31.23
1697147.079,369394472,355614662,30.84
1697247.079,369394901,355614852,27.66
1697347.079,369394901,355614852,27.7
1697447.079,369395323,355615060,27.16
1697547.079,369395323,355615060,26.91
1697647.079,369395743,355615277,27.74
1697747.079,369395743,355615277,24.82
1697847.079,369396154,355615520,22.76
1697947.079,369396154,355615520,21.68
1698047.079,369396553,355615779,20.52
1698147.079,369396553,355615779,19.72
1698247.079,369396944,355616045,19.27
1698347.079,369396944,355616045,18.54
1698447.079,369397327,355616319,17
1698547.079,369397327,355616319,17.17
1698647.079,369397719,355616592,16.69
1698747.079,369397719,355616592,16.44
1698847.079,369398100,355616878,16.98
1698947.079,369398100,355616878,16.03
1699047.079,369398466,355617176,14.54
1699147.079,369398466,355617176,14.77
1699247.079,369398824,355617482,13.57
1699347.079,369398824,355617482,12.97
1699447.079,369399175,355617789,10.75
1699547.079,369399175,355617789,9.51
1699647.079,369399526,355618096,8.45
1699747.079,369399526,355618096,7.13
1699847.079,369399870,355618410,4.38
1699947.079,369399870,355618410,2.44
1700047.079,369400208,355618723,1.37
1700147.079,369400208,355618723,0.13
1700247.079,369400544,355619030,-1.23
1700347.079,369400544,355619030,-2.17
1700447.079,369400881,355619340,-4.93
1700547.079,369400881,355619340,-6.49
1700647.079,369401231,355619640,-8.27
1700747.079,369401231,355619640,-9.56
1700847.079,369401574,355619938,-10
1700947.079,369401574,355619938,-11.57
1701047.079,369401920,355620225,-13.12
1701147.079,369401920,355620225,-13.18
1701247.079,369402266,355620507,-15.13
1701347.079,369402266,355620507,-15.93
1701447.079,369402615,355620778,-17.15
1701547.079,369402615,355620778,-19.27
1701647.079,369402981,355621037,-19.25
1701747.079,369402981,355621037,-19.66
1701847.079,369403342,355621289,-20.24
1701947.079,369403342,355621289,-20.24
1702047.079,369403707,355621518,-19.97
1702147.079,369403707,355621518,-19.32
1702247.079,369404074,355621738,-18.36
1702347.079,369404074,355621738,-18.02
1702447.079,369404438,355621944,-18.51
1702547.079,369404438,355621944,-17.97
1702647.079,369404807,355622136,-18.08
1702747.079,369404807,355622136,-17.87
1702847.079,369405180,355622317,-16.05
1702947.079,369405180,355622317,-13.62
1703047.079,369405556,355622483,-12.06
1703147.079,369405556,355622483,-11.74
1703247.079,369405934,355622645,-9.76
1703347.079,369405934,355622645,-8.01
1703447.079,369406316,355622801,-5.53
1703547.079,369406316,355622801,-4.18
1703647.079,369406697,355622952,-1.23
1703747.079,369406697,355622952,1.22
1703847.079,369407081,355623103,4.26
1703947.079,369407081,355623103,5.02
1704047.079,369407466,355623259,6.74
1704147.079,369407466,355623259,8.68
1704247.079,369407842,355623418,11.69
1704347.079,369407842,355623418,13.26
1704447.079,369408226,355623594,16.1
1704547.079,369408226,355623594,17.47
1704647.079,369408600,355623779,19.45
1704747.079,369408600,355623779,21.03
1704847.079,369408969,355623990,21.64
1704947.079,369408969,355623990,22.31
1705047.079,369409339,355624204,26.29
1705147.079,369409339,355624204,26.12
1705247.079,369409696,355624427,26.51
1705347.079,369409696,355624427,28.23
1705447.079,369410050,355624667,28.67
1705547.079,369410050,355624667,29.98
1705647.079,369410395,355624937,32.09
1705747.079,369410395,355624937,33.63
1705847.079,369410724,355625232,32.48
1705947.079,369410724,355625232,32.53
1706047.079,369411036,355625547,31.95
1706147.079,369411036,355625547,30.84
1706247.079,369411341,355625873,34.36
1706347.079,369411341,355625873,34.92
1706447.079,369411626,355626221,36.55
1706547.079,369411626,355626221,37.57
1706647.079,369411885,355626602,37.63
1706747.079,369411885,355626602,38.38
1706847.079,369412112,355627010,37.73
1706947.079,369412112,355627010,36.4
1707047.079,369412315,355627433,35.2
1707147.079,369412315,355627433,34.85
1707247.079,369412502,355627866,36.43
1707347.079,369412502,355627866,38.24
1707447.079,369412661,355628313,38.21
1707547.079,369412661,355628313,39.34
1707647.079,369412794,355628760,39.33
1707747.079,369412794,355628760,38.5
1707847.079,369412902,355629225,39.65
1707947.079,369412902,355629225,40.82
1708047.079,369412987,355629697,41.81
1708147.079,369412987,355629697,40.39
1708247.079,369413042,355630168,42.03
1708347.079,369413042,355630168,41.9
1708447.079,369413065,355630639,40.99
1708547.079,369413065,355630639,42.21
1708647.079,369413059,355631116,42.01
1708747.079,369413059,355631116,41.81
1708847.079,369413025,355631573,41.42
1708947.079,369413025,355631573,40.49
1709047.079,369412958,355632018,38.66
1709147.079,369412958,355632018,38.75
1709247.079,369412853,355632437,38.31
1709347.079,369412853,355632437,37.88
1709447.079,369412728,355632848,37.38
1709547.079,369412728,355632848,37.33
1709647.079,369412583,355633250,37.56
1709747.079,369412583,355633250,37.42
1709847.079,369412421,355633632,37.31
1709947.079,369412421,355633632,36.75
1710047.079,369412240,355633985,35.85
1710147.079,369412240,355633985,36.23
1710247.079,369412043,355634315,36.35
1710347.079,369412043,355634315,36.11
1710447.079,369411830,355634617,34.16
1710547.079,369411830,355634617,33.32
1710647.079,369411606,355634917,34.78
1710747.079,369411606,355634917,34.6
1710847.079,369411369,355635176,33.83
1710947.079,369411369,355635176,32.81
1711047.079,369411111,355635408,30.82
1711147.079,369411111,355635408,31.55
1711247.079,369410848,355635616,31.36
1711347.079,369410848,355635616,31.29
1711447.079,369410579,355635802,31.19
1711547.079,369410579,355635802,31.02
1711647.079,369410309,355635962,30.21
1711747.079,369410309,355635962,31.34
1711847.079,369410029,355636096,30.02
1711947.079,369410029,355636096,28.38
1712047.079,369409748,355636207,28.26
1712147.079,369409748,355636207,28.49
1712247.079,369409463,355636301,28.38
1712347.079,369409463,355636301,28.67
1712447.079,369409186,355636373,27.76
1712547.079,369409186,355636373,26.95
1712647.079,369408902,355636437,27.9
1712747.079,369408902,355636437,27.68
1712847.079,369408623,355636483,26.89
1712947.079,369408623,355636483,27.2
1713047.079,369408350,355636495,14.6
1713147.079,369408350,355636495,3.08
1713247.079,369408098,355636486,-0.98
1713347.079,369408098,355636486,0.44000000000000006
1713447.079,369407855,355636482,1.59
1713547.079,369407855,355636482,1.15
1713647.079,369407613,355636480,-0.23000000000000004
1713747.079,369407613,355636480,-0.65
1713847.079,369407375,355636479,-0.22999999999999998
1713947.079,369407375,355636479,0.59
1714047.079,369407145,355636477,0.53
1714147.079,369407145,355636477,0.55
1714247.079,369406921,355636479,0.8
1714347.079,369406921,355636479,1.04
1714447.079,369406698,355636474,0.54
1714547.079,369406698,355636474,0.94
1714647.079,369406482,355636479,0.09999999999999998
1714747.079,369406482,355636479,-0.4
1714847.079,369406267,355636486,0.4
1714947.079,369406267,355636486,0.28
1715047.079,369406058,355636489,0.10999999999999997
1715147.079,369406058,355636489,0.87
1715247.079,369405855,355636492,0.36
1715347.079,369405855,355636492,0.07
1715447.079,369405649,355636498,0.53
1715547.079,369405649,355636498,0.81
1715647.079,369405441,355636513,0.8
1715747.079,369405441,355636513,0.18
1715847.079,369405229,355636535,0.38
1715947.079,369405229,355636535,0.37
1716047.079,369405038,355636548,0.52
1716147.079,369405038,355636548,0.32
1716247.079,369404861,355636547,0.37
1716347.079,369404861,355636547,-0.34
1716447.079,369404685,355636545,-0.65
1716547.079,369404685,355636545,1.35
1716647.079,369404496,355636557,3.66
1716747.079,369404496,355636557,2.69
1716847.079,369404315,355636564,-0.08999999999999997
1716947.079,369404315,355636564,-0.68
1717047.079,369404130,355636572,-0.43
1717147.079,369404130,355636572,-0.26
1717247.079,369403948,355636584,0.23999999999999996
1717347.079,369403948,355636584,0.69
1717447.079,369403762,355636598,0.69
1717547.079,369403762,355636598,0.48
1717647.079,369403576,355636619,-0.24
1717747.079,369403576,355636619,-0.37
1717847.079,369403399,355636635,0.19
1717947.079,369403399,355636635,0.66
1718047.079,369403223,355636651,3.28
1718147.079,369403223,355636651,2.43
1718247.079,369403056,355636660,-0.76
1718347.079,369403056,355636660,-0.38
1718447.079,369402885,355636671,-0.32
1718547.079,369402885,355636671,-0.21
1718647.079,369402714,355636694,0
1718747.079,369402714,355636694,-0.31
1718847.079,369402544,355636715,0.15
1718947.079,369402544,355636715,-0.07000000000000003
1719047.079,369402377,355636734,-0.31999999999999995
1719147.079,369402377,355636734,0.04000000000000001
1719247.079,369402213,355636750,0.98
1719347.079,369402213,355636750,2.52
1719447.079,369402055,355636769,4
1719547.079,369402055,355636769,6.01
1719647.079,369401919,355636788,7.23
1719747.079,369401919,355636788,7.5
1719847.079,369401800,355636807,8.14
1719947.079,369401800,355636807,9.41
1720047.079,369401692,355636821,12.2
1720147.079,369401692,355636821,14.66
1720247.079,369401583,355636843,17.96
1720347.079,369401583,355636843,19.87
1720447.079,369401482,355636861,22.5
1720547.079,369401482,355636861,23.76
1720647.079,369401369,355636899,24.06
1720747.079,369401369,355636899,23.87
1720847.079,369401278,355636912,23.83
1720947.079,369401278,355636912,23.83
1721047.079,369401177,355636907,23.55
1721147.079,369401177,355636907,22.52
1721247.079,369401081,355636876,20.13
1721347.079,369401081,355636876,19.18
1721447.079,369400989,355636822,18.85
1721547.079,369400989,355636822,18.63
1721647.079,369400900,355636754,17.8
1721747.079,369400900,355636754,16.83
1721847.079,369400823,355636671,14.79
1721947.079,369400823,355636671,13.03
1722047.079,369400754,355636580,9.15
1722147.079,369400754,355636580,6.36
1722247.079,369400692,355636486,0.5099999999999998
1722347.079,369400692,355636486,-3.8
1722447.079,369400631,355636391,-9.58
1722547.079,369400631,355636391,-12.4
1722647.079,369400575,355636313,-15.31
1722747.079,369400575,355636313,-17.08
1722847.079,369400507,355636221,-18.12
1722947.079,369400507,355636221,-17.8
1723047.079,369400442,355636140,-16.93
1723147.079,369400442,355636140,-16.55
1723247.079,369400370,355636065,-16.55
1723347.079,369400370,355636065,-16.76
1723447.079,369400290,355635996,-16.99
1723547.079,369400290,355635996,-17.08
1723647.079,369400203,355635961,-16.06
1723747.079,369400203,355635961,-15.16
1723847.079,369400105,355635912,-14.64
1723947.079,369400105,355635912,-12.89
1724047.079,369399995,355635878,-10.67
1724147.079,369399995,355635878,-7.54
1724247.079,369399875,355635843,-3.32
1724347.079,369399875,355635843,-1.03
1724447.079,369399746,355635805,2.23
1724547.079,369399746,355635805,4.03
1724647.079,369399610,355635772,5.93
1724747.079,369399610,355635772,6.67
1724847.079,369399467,355635732,7.3
1724947.079,369399467,355635732,8.48
1725047.079,369399322,355635685,8.54
1725147.079,369399322,355635685,6.78
1725247.079,369399173,355635633,6.13
1725347.079,369399173,355635633,6.54
1725447.079,369399021,355635573,5.75
1725547.079,369399021,355635573,4.02
1725647.079,369398867,355635513,1.04
1725747.079,369398867,355635513,-0.91
1725847.079,369398706,355635447,-2.54
1725947.079,369398706,355635447,-4.34
1726047.079,369398542,355635384,-8.42
1726147.079,369398542,355635384,-11.15
1726247.079,369398374,355635329,-14.33
1726347.079,369398374,355635329,-14.97
1726447.079,369398209,355635279,-14.37
1726547.079,369398209,355635279,-13.92
1726647.079,369398036,355635250,-13.03
1726747.079,369398036,355635250,-11.24
1726847.079,369397872,355635215,-7.24
1726947.079,369397872,355635215,-3.36
1727047.079,369397704,355635187,-0.8700000000000001
1727147.079,369397704,355635187,2.4100000000000006
1727247.079,369397536,355635155,9.29
1727347.079,369397536,355635155,14.31
1727447.079,369397371,355635136,19.54
1727547.079,369397371,355635136,21.62
1727647.079,369397206,355635104,23.95
1727747.079,369397206,355635104,24.64
1727847.079,369397038,355635059,23.3
1727947.079,369397038,355635059,21.91
1728047.079,369396864,355634996,18.42
1728147.079,369396864,355634996,15.59
1728247.079,369396690,355634902,10.65
1728347.079,369396690,355634902,7.51
1728447.079,369396498,355634793,2.87
1728547.079,369396498,355634793,1.07
1728647.079,369396314,355634660,-0.69
1728747.079,369396314,355634660,-1.65
1728847.079,369396129,355634527,-2.55
1728947.079,369396129,355634527,-3.11
1729047.079,369395948,355634402,-5.06
1729147.079,369395948,355634402,-7.02
1729247.079,369395767,355634286,-8.46
1729347.079,369395767,355634286,-8.87
1729447.079,369395589,355634174,-9.58
1729547.079,369395589,355634174,-10.02
1729647.079,369395419,355634074,-10.54
1729747.079,369395419,355634074,-11.48
1729847.079,369395247,355633976,-12.16
1729947.079,369395247,355633976,-12.15
1730047.079,369395078,355633883,-12
1730147.079,369395078,355633883,-11.59
1730247.079,369394905,355633798,-10.53
1730347.079,369394905,355633798,-10.03
1730447.079,369394726,355633725,-9.53
1730547.079,369394726,355633725,-7.67
1730647.079,369394539,355633669,-3.4
1730747.079,369394539,355633669,-0.8199999999999998
1730847.079,369394361,355633605,3.55
1730947.079,369394361,355633605,6.68
1731047.079,369394185,355633537,10.76
1731147.079,369394185,355633537,12.27
1731247.079,369394010,355633462,11.29
1731347.079,369394010,355633462,8.56
1731447.079,369393829,355633384,2.99
1731547.079,369393829,355633384,0.07000000000000006
1731647.079,369393644,355633303,-2.14
1731747.079,369393644,355633303,-3.36
1731847.079,369393459,355633219,-6.22
1731947.079,369393459,355633219,-8.79
1732047.079,369393284,355633132,-10.53
1732147.079,369393284,355633132,-9.64
1732247.079,369393096,355633062,-9.03
1732347.079,369393096,355633062,-8.58
1732447.079,369392913,355633000,-7.6
1732547.079,369392913,355633000,-7.34
1732647.079,369392738,355632937,-5.92
1732747.079,369392738,355632937,-5.75
1732847.079,369392562,355632882,-5.1
1732947.079,369392562,355632882,-3.99
1733047.079,369392389,355632834,-2.73
1733147.079,369392389,355632834,-2.34
1733247.079,369392213,355632792,-1.63
1733347.079,369392213,355632792,-1.18
1733447.079,369392041,355632759,-0.6
1733547.079,369392041,355632759,-0.53
1733647.079,369391870,355632729,-0.45
1733747.079,369391870,355632729,0.20000000000000004
1733847.079,369391696,355632693,0.91
1733947.079,369391696,355632693,1.47
1734047.079,369391525,355632655,0.58
1734147.079,369391525,355632655,-0.93
1734247.079,369391349,355632618,-3.75
1734347.079,369391349,355632618,-5.32
1734447.079,369391172,355632580,-7.17
1734547.079,369391172,355632580,-8.61
1734647.079,369390988,355632559,-10.92
1734747.079,369390988,355632559,-11.47
1734847.079,369390807,355632538,-11.02
1734947.079,369390807,355632538,-9.23
1735047.079,369390625,355632521,-8.1
1735147.079,369390625,355632521,-7.39
1735247.079,369390443,355632504,-5.75
1735347.079,369390443,355632504,-4.68
1735447.079,369390255,355632495,-4.14
1735547.079,369390255,355632495,-3.62
1735647.079,369390069,355632492,-3.17
1735747.079,369390069,355632492,-3.76
1735847.079,369389874,355632495,-2.81
1735947.079,369389874,355632495,-1.83
1736047.079,369389677,355632499,-0.96
1736147.079,369389677,355632499,0.04999999999999999
1736247.079,369389475,355632504,0.21
1736347.079,369389475,355632504,-0.39
1736447.079,369389276,355632498,-0.84
1736547.079,369389276,355632498,-1.6
1736647.079,369389061,355632496,-2.9
1736747.079,369389061,355632496,-3.8
1736847.079,369388842,355632497,-4.26
1736947.079,369388842,355632497,-6.76
1737047.079,369388622,355632505,-9.02
1737147.079,369388622,355632505,-10.34
1737247.079,369388410,355632519,-11.35
1737347.079,369388410,355632519,-12.38
1737447.079,369388194,355632548,-12.96
1737547.079,369388194,355632548,-10.97
1737647.079,369387994,355632581,-6.43
1737747.079,369387994,355632581,-4.21
1737847.079,369387788,355632622,-1.11
1737947.079,369387788,355632622,0.8800000000000001
1738047.079,369387582,355632663,4.54
1738147.079,369387582,355632663,6.79
1738247.079,369387378,355632703,6.99
1738347.079,369387378,355632703,6.56
1738447.079,369387173,355632742,6.65
1738547.079,369387173,355632742,6.26
1738647.079,369386963,355632783,5.06
1738747.079,369386963,355632783,4.66
1738847.079,369386761,355632816,5.17
1738947.079,369386761,355632816,6.52
1739047.079,369386560,355632842,8.07
1739147.079,369386560,355632842,9.49
1739247.079,369386359,355632864,10.51
1739347.079,369386359,355632864,11.19
1739447.079,369386161,355632879,11.24
1739547.079,369386161,355632879,12.01
1739647.079,369385967,355632881,13.37
1739747.079,369385967,355632881,12.75
1739847.079,369385774,355632880,10.75
1739947.079,369385774,355632880,7.93
1740047.079,369385582,355632877,5.7
1740147.079,369385582,355632877,3.79
1740247.079,369385392,355632868,2.2
1740347.079,369385392,355632868,2.21
1740447.079,369385201,355632856,3.15
1740547.079,369385201,355632856,3.83
1740647.079,369385017,355632846,3.07
1740747.079,369385017,355632846,1.85
1740847.079,369384835,355632833,-0.55
1740947.079,369384835,355632833,-1.5
1741047.079,369384650,355632818,-2.89
1741147.079,369384650,355632818,-4.9
1741247.079,369384472,355632805,-6.33
1741347.079,369384472,355632805,-7.49
1741447.079,369384287,355632797,-8.56
1741547.079,369384287,355632797,-8.2
1741647.079,369384110,355632798,-7.36
1741747.079,369384110,355632798,-7.38
1741847.079,369383929,355632801,-5.39
1741947.079,369383929,355632801,-1.93
1742047.079,369383753,355632800,-0.43999999999999995
1742147.079,369383753,355632800,0.17
1742247.079,369383569,355632807,-0.23
1742347.079,369383569,355632807,1.02
1742447.079,369383380,355632812,4.37
1742547.079,369383380,355632812,5.08
1742647.079,369383190,355632816,4.2
1742747.079,369383190,355632816,3.11
1742847.079,369382990,355632819,2.03
1742947.079,369382990,355632819,0.62
1743047.079,369382789,355632819,-0.10999999999999999
1743147.079,369382789,355632819,-0.2
1743247.079,369382584,355632817,-0.08
1743347.079,369382584,355632817,-0.7
1743447.079,369382377,355632818,0.56
1743547.079,369382377,355632818,1.23
1743647.079,369382173,355632819,1.07
1743747.079,369382173,355632819,1.68
1743847.079,369381972,355632813,1.46
1743947.079,369381972,355632813,1.46
1744047.079,369381778,355632807,1.11
1744147.079,369381778,355632807,0.93
1744247.079,369381595,355632797,0.38
1744347.079,369381595,355632797,-0.05000000000000002
1744447.079,369381415,355632790,-0.3
1744547.079,369381415,355632790,0.62
1744647.079,369381245,355632777,1.58
1744747.079,369381245,355632777,1.9
1744847.079,369381068,355632771,1.08
1744947.079,369381068,355632771,-0.52
1745047.079,369380893,355632764,-1.45
1745147.079,369380893,355632764,-2.41
1745247.079,369380722,355632756,-4.03
1745347.079,369380722,355632756,-4.74
1745447.079,369380547,355632751,-5.44
1745547.079,369380547,355632751,-5.24
1745647.079,369380376,355632743,-4.93
1745747.079,369380376,355632743,-2.92
1745847.079,369380192,355632743,-0.22999999999999998
1745947.079,369380192,355632743,2.25
1746047.079,369380014,355632730,3.05
1746147.079,369380014,355632730,3.29
1746247.079,369379826,355632719,2.38
1746347.079,369379826,355632719,0.4099999999999999
1746447.079,369379633,355632711,-0.8999999999999999
1746547.079,369379633,355632711,-2.31
1746647.079,369379435,355632712,-4.71
1746747.079,369379435,355632712,-8.23
1746847.079,369379230,355632713,-10.24
1746947.079,369379230,355632713,-11.95
1747047.079,369379034,355632712,-13.65
1747147.079,369379034,355632712,-14.72
1747247.079,369378837,355632722,-15.6
1747347.079,369378837,355632722,-13.13
1747447.079,369378642,355632741,-11.46
1747547.079,369378642,355632741,-10.46
1747647.079,369378451,355632781,-8.8
1747747.079,369378451,355632781,-5.7
1747847.079,369378261,355632817,-4.4
1747947.079,369378261,355632817,-2.66
1748047.079,369378057,355632856,-1.87
1748147.079,369378057,355632856,-1.01
1748247.079,369377859,355632896,-0.020000000000000018
1748347.079,369377859,355632896,0.91
1748447.079,369377653,355632938,1.8
1748547.079,369377653,355632938,1.75
1748647.079,369377443,355632983,1.61
1748747.079,369377443,355632983,0.95
1748847.079,369377231,355633026,-0.9999999999999999
1748947.079,369377231,355633026,-3.18
1749047.079,369377013,355633071,-5.02
1749147.079,369377013,355633071,-4.71
1749247.079,369376794,355633117,-3.17
1749347.079,369376794,355633117,-0.54
1749447.079,369376579,355633162,8.01
1749547.079,369376579,355633162,12.33
1749647.079,369376369,355633198,15.75
1749747.079,369376369,355633198,18.05
1749847.079,369376163,355633226,20.59
1749947.079,369376163,355633226,24.37
1750047.079,369375957,355633244,26.5
1750147.079,369375957,355633244,28.34
1750247.079,369375751,355633243,28.98
1750347.079,369375751,355633243,27.34
1750447.079,369375554,355633234,21.01
1750547.079,369375554,355633234,14.67
1750647.079,369375357,355633205,1.5599999999999996
1750747.079,369375357,355633205,-8.64
1750847.079,369375161,355633176,-11.43
1750947.079,369375161,355633176,-11.42
1751047.079,369374975,355633152,-9.08
1751147.079,369374975,355633152,-5.9
1751247.079,369374793,355633133,-2.3
1751347.079,369374793,355633133,-1.46
1751447.079,369374628,355633113,-3
1751547.079,369374628,355633113,-6.28
1751647.079,369374478,355633097,-10.86
1751747.079,369374478,355633097,-11.38
1751847.079,369374336,355633093,-10.85
1751947.079,369374336,355633093,-9.45
1752047.079,369374200,355633100,-4.76
1752147.079,369374200,355633100,0.99
1752247.079,369374067,355633110,5.03
1752347.079,369374067,355633110,9.12
1752447.079,369373929,355633120,13.28
1752547.079,369373929,355633120,13.62
1752647.079,369373798,355633114,13.07
1752747.079,369373798,355633114,11.39
1752847.079,369373661,355633099,7.81
1752947.079,369373661,355633099,6.02
1753047.079,369373519,355633082,4.45
1753147.079,369373519,355633082,3.22
1753247.079,369373369,355633056,1.6
1753347.079,369373369,355633056,1.04
1753447.079,369373220,355633028,-0.4
1753547.079,369373220,355633028,-1.29
1753647.079,369373073,355632984,-2.97
1753747.079,369373073,355632984,-4.88
1753847.079,369372921,355632950,-7.22
1753947.079,369372921,355632950,-8.08
1754047.079,369372762,355632923,-7.71
1754147.079,369372762,355632923,-6.73
1754247.079,369372600,355632900,-6.35
1754347.079,369372600,355632900,-5.56
1754447.079,369372445,355632878,-4.66
1754547.079,369372445,355632878,-5.64
1754647.079,369372285,355632860,-8.13
1754747.079,369372285,355632860,-8.91
1754847.079,369372117,355632860,-9.39
1754947.079,369372117,355632860,-9.4
1755047.079,369371949,355632840,-8.07
1755147.079,369371949,355632840,-7
1755247.079,369371787,355632832,-6.05
1755347.079,369371787,355632832,-4.64
1755447.079,369371637,355632831,-2.74
1755547.079,369371637,355632831,-2.51
1755647.079,369371499,355632833,-2.95
1755747.079,369371499,355632833,-2.86
1755847.079,369371365,355632849,-1.97
1755947.079,369371365,355632849,-1.89
1756047.079,369371239,355632872,-2.25
1756147.079,369371239,355632872,-2.06
1756247.079,369371118,355632886,-0.030000000000000027
1756347.079,369371118,355632886,1.62
1756447.079,369371004,355632896,4.26
1756547.079,369371004,355632896,5.71
1756647.079,369370889,355632911,7.84
1756747.079,369370889,355632911,9.12
1756847.079,369370774,355632929,10.86
1756947.079,369370774,355632929,12.21
1757047.079,369370663,355632927,13.4
1757147.079,369370663,355632927,10.53
1757247.079,369370563,355632929,4.04
1757347.079,369370563,355632929,1.15
1757447.079,369370467,355632919,0.96
1757547.079,369370467,355632919,1.89
1757647.079,369370379,355632894,5.11
1757747.079,369370379,355632894,7.35
1757847.079,369370300,355632870,11.27
1757947.079,369370300,355632870,13.43
1758047.079,369370221,355632849,13.04
1758147.079,369370221,355632849,12
1758247.079,369370152,355632831,10.56
1758347.079,369370152,355632831,8.12
1758447.079,369370085,355632816,3.14
1758547.079,369370085,355632816,0.54
1758647.079,369370028,355632792,-1.17
1758747.079,369370028,355632792,-0.62
1758847.079,369369976,355632770,0.64
1758947.079,369369976,355632770,0.91
1759047.079,369369921,355632746,0.99
1759147.079,369369921,355632746,0.6
1759247.079,369369873,355632724,-0.07999999999999999
1759347.079,369369873,355632724,-0.55
1759447.079,369369824,355632703,-0.39
1759547.079,369369824,355632703,0.06
1759647.079,369369778,355632695,1.55
1759747.079,369369778,355632695,2.98
1759847.079,369369736,355632684,3.26
1759947.079,369369736,355632684,1.39
1760047.079,369369697,355632668,-2.84
1760147.079,369369697,355632668,-4.92
1760247.079,369369659,355632655,-6.59
1760347.079,369369659,355632655,-6.39
1760447.079,369369623,355632645,-4.8
1760547.079,369369623,355632645,-3.39
1760647.079,369369603,355632640,-2.21
1760747.079,369369603,355632640,-2.14
1760847.079,369369574,355632636,-2.79
1760947.079,369369574,355632636,-3.31
1761047.079,369369543,355632638,-3.68
1761147.079,369369543,355632638,-3.56
1761247.079,369369516,355632640,-3.07
1761347.079,369369516,355632640,-2.98
1761447.079,369369491,355632643,-2.92
1761547.079,369369491,355632643,-2.75
1761647.079,369369468,355632664,-2.14
1761747.079,369369468,355632664,-1.6
1761847.079,369369448,355632674,-0.95
1761947.079,369369448,355632674,-0.54
1762047.079,369369430,355632681,-0.14
1762147.079,369369430,355632681,0.09
1762247.079,369369413,355632689,0.25
1762347.079,369369413,355632689,0.2
1762447.079,369369398,355632694,0.16
1762547.079,369369398,355632694,0.12
1762647.079,369369390,355632715,0.17
1762747.079,369369390,355632715,0.34
1762847.079,369369380,355632725,0.29
1762947.079,369369380,355632725,0.06
1763047.079,369369370,355632731,0.05
1763147.079,369369370,355632731,0.2
1763247.079,369369363,355632735,0.28
1763347.079,369369363,355632735,0.1
1763447.079,369369357,355632738,-0.030000000000000002
1763547.079,369369357,355632738,0.020000000000000004
1763647.079,369369357,355632744,0.28
1763747.079,369369357,355632744,0.36
1763847.079,369369356,355632744,0.34
1763947.079,369369356,355632744,0.48
1764047.079,369369355,355632744,0.73
1764147.079,369369355,355632744,1
1764247.079,369369355,355632745,0.94
1764347.079,369369355,355632745,0.77
1764447.079,369369355,355632746,0.71
1764547.079,369369355,355632746,0.68
1764647.079,369369357,355632747,0.6
1764747.079,369369357,355632747,0.45
1764847.079,369369359,355632748,0.37
1764947.079,369369359,355632748,0.33
1765047.079,369369357,355632749,0.34
1765147.079,369369357,355632749,0.3
1765247.079,369369358,355632748,0.24
1765347.079,369369358,355632748,0.15
1765447.079,369369359,355632751,0.08
1765547.079,369369359,355632751,0.03
1765647.079,369369359,355632751,0
1765747.079,369369359,355632751,-0.04
1765847.079,369369359,355632752,-0.07
1765947.079,369369359,355632752,0
1766047.079,369369359,355632750,0.1
1766147.079,369369359,355632750,0.18
1766247.079,369369359,355632750,0.18
1766347.079,369369359,355632750,0.12
1766447.079,369369359,355632751,0.11
1766547.079,369369359,355632751,0.14
1766647.079,369369358,355632745,0.12
1766747.079,369369358,355632745,0.010000000000000002
1766847.079,369369359,355632742,-0.02
1766947.079,369369359,355632742,-0.01
1767047.079,369369357,355632743,-0.02
1767147.079,369369357,355632743,-1.734723475976807e-18
1767247.079,369369360,355632742,0.13
1767347.079,369369360,355632742,0.2
1767447.079,369369361,355632739,0.14
1767547.079,369369361,355632739,0.07
1767647.079,369369360,355632742,0.04
1767747.079,369369360,355632742,0.12
1767847.079,369369359,355632744,0.19
1767947.079,369369359,355632744,0.3
1768047.079,369369354,355632749,0.39
1768147.079,369369354,355632749,0.59
1768247.079,369369358,355632767,0.5
1768347.079,369369358,355632767,-0.15999999999999998
1768447.079,369369360,355632803,-0.59
1768547.079,369369360,355632803,-0.76
1768647.079,369369366,355632835,-0.48
1768747.079,369369366,355632835,-0.12
1768847.079,369369357,355632877,0.29000000000000004
1768947.079,369369357,355632877,1.26
1769047.079,369369357,355632922,1.8
1769147.079,369369357,355632922,2.19
1769247.079,369369359,355632972,2.9
1769347.079,369369359,355632972,3.58
1769447.079,369369371,355633025,3.97
1769547.079,369369371,355633025,4.86
1769647.079,369369385,355633080,7.51
1769747.079,369369385,355633080,9.99
1769847.079,369369398,355633129,11.22
1769947.079,369369398,355633129,12.39
1770047.079,369369407,355633182,12.24
1770147.079,369369407,355633182,10.67
1770247.079,369369424,355633238,9.59
1770347.079,369369424,355633238,8.32
1770447.079,369369445,355633292,7.54
1770547.079,369369445,355633292,7.22
1770647.079,369369468,355633339,7.92
1770747.079,369369468,355633339,8.24
1770847.079,369369496,355633390,8.11
1770947.079,369369496,355633390,8.73
1771047.079,369369521,355633440,9.36
1771147.079,369369521,355633440,10.15
1771247.079,369369553,355633489,11.1
1771347.079,369369553,355633489,11.93
1771447.079,369369590,355633531,11.15
1771547.079,369369590,355633531,9.89
1771647.079,369369613,355633566,8.66
1771747.079,369369613,355633566,8.23
1771847.079,369369653,355633607,8.12
1771947.079,369369653,355633607,8.68
1772047.079,369369687,355633641,8.51
1772147.079,369369687,355633641,7.36
1772247.079,369369748,355633680,5.27
1772347.079,369369748,355633680,3.79
1772447.079,369369801,355633708,2.62
1772547.079,369369801,355633708,2.03
1772647.079,369369857,355633726,2.61
1772747.079,369369857,355633726,2.44
1772847.079,369369911,355633749,1.56
1772947.079,369369911,355633749,0.97
1773047.079,369369964,355633772,1.38
1773147.079,369369964,355633772,2.7
1773247.079,369370022,355633774,4.52
1773347.079,369370022,355633774,6.96
1773447.079,369370089,355633800,7.26
1773547.079,369370089,355633800,6.91
1773647.079,369370146,355633819,6.78
1773747.079,369370146,355633819,7.02
1773847.079,369370204,355633832,7.66
1773947.079,369370204,355633832,9.57
1774047.079,369370263,355633841,10.18
1774147.079,369370263,355633841,9.66
1774247.079,369370322,355633859,8.02
1774347.079,369370322,355633859,7.18
1774447.079,369370377,355633879,6.99
1774547.079,369370377,355633879,7.51
1774647.079,369370442,355633889,9
1774747.079,369370442,355633889,8.68
1774847.079,369370502,355633901,7.52
1774947.079,369370502,355633901,6.32
1775047.079,369370571,355633912,6
1775147.079,369370571,355633912,5.89
1775247.079,369370627,355633924,7.08
1775347.079,369370627,355633924,7.96
1775447.079,369370682,355633934,7.31
1775547.079,369370682,355633934,6.23
1775647.079,369370739,355633949,5.45
1775747.079,369370739,355633949,5.59
1775847.079,369370799,355633959,6.44
1775947.079,369370799,355633959,8.2
1776047.079,369370865,355633967,8.49
1776147.079,369370865,355633967,7.93
1776247.079,369370931,355633981,7.36
1776347.079,369370931,355633981,8.13
1776447.079,369370999,355633990,9.21
1776547.079,369370999,355633990,11.16